303.68750   0.00
304.31250   0.10
304.12500   9.15
304.12500   11.54
304.56250   11.54
304.31250   13.48
304.31250   13.48
304.62500   15.52
304.62500   15.52
305.00000   16.76
305.00000   16.76
305.00000   16.76
305.25000   17.39
305.25000   17.39
305.12500   17.39
305.12500   18.11
305.06250   18.11
305.06250   18.11
305.00000   19.09
305.00000   19.09
305.00000   19.09
304.43750   19.76
304.43750   19.76
304.00000   19.76
304.00000   19.82
304.00000   19.82
303.93750   19.82
303.93750   19.28
302.93750   19.28
302.93750   19.28
302.93750   20.19
303.06250   20.19
303.06250   20.19
302.50000   20.80
302.50000   20.80
302.50000   20.80
301.87500   21.75
301.87500   21.75
301.87500   21.75
301.06250   22.53
301.06250   22.53
301.06250   22.53
300.18750   21.55
300.18750   21.55
299.62500   21.55
299.62500   20.19
299.62500   20.19
299.00000   20.19
299.00000   20.19
298.12500   20.19
298.12500   20.19
298.12500   22.40
296.93750   22.40
296.93750   22.40
296.93750   24.07
296.81250   24.07
296.81250   24.07
296.81250   24.07
297.25000   24.87
297.25000   24.87
297.25000   24.87
296.87500   24.87
296.87500   25.15
296.87500   25.15
296.87500   25.15
296.68750   25.15
296.68750   25.25
296.68750   25.25
296.43750   25.25
296.43750   25.25
296.43750   25.09
296.31250   25.09
296.31250   25.09
296.31250   25.09
296.56250   22.45
296.56250   22.45
296.18750   22.45
296.18750   16.58
296.06250   16.58
296.06250   16.58
295.81250   15.20
295.81250   15.20
296.00000   15.80
296.00000   15.80
295.87500   15.80
295.87500   15.39
295.68750   15.39
295.68750   15.64
295.62500   15.64
295.62500   15.64
296.25000   16.06
296.25000   16.06
295.87500   16.06
295.87500   16.20
295.68750   16.20
295.68750   16.20
295.12500   16.54
295.12500   16.54
294.25000   16.54
294.25000   16.77
293.68750   16.77
293.68750   16.77
293.62500   16.72
293.62500   16.72
293.93750   16.72
293.93750   16.28
293.81250   16.28
293.81250   16.28
294.18750   16.39
294.18750   16.39
293.81250   16.39
293.81250   16.84
293.56250   16.84
293.56250   16.84
293.56250   17.43
293.81250   17.43
293.81250   17.43
293.56250   17.41
293.56250   17.41
293.62500   17.41
293.62500   16.95
293.56250   16.95
293.56250   16.95
293.81250   16.07
293.81250   16.07
292.87500   16.07
292.37500   12.99
292.50000   12.99
292.37500   0.45
293.00000   0.45
293.50000   9.14
293.50000   10.34
292.93750   10.34
292.93750   13.39
292.93750   13.39
292.68750   15.41
292.68750   15.41
292.68750   15.39
292.68750   15.39
292.56250   14.57
292.56250   14.57
292.56250   14.30
292.87500   14.30
292.87500   13.83
292.50000   13.83
292.50000   12.87
292.25000   12.87
291.18750   12.60
291.18750   12.60
290.81250   14.81
290.81250   14.81
290.62500   16.10
290.62500   16.10
291.62500   16.10
291.62500   16.64
291.62500   16.64
291.62500   16.64
292.37500   16.80
292.37500   16.80
292.56250   16.80
292.56250   16.45
292.43750   16.45
292.43750   16.45
292.43750   17.25
292.75000   17.25
293.56250   17.73
293.56250   17.73
293.62500   17.73
293.62500   17.83
294.06250   17.83
294.06250   17.83
294.06250   18.63
294.37500   18.63
294.37500   18.63
293.81250   18.63
293.81250   18.63
294.37500   18.63
294.37500   18.75
294.37500   18.75
294.37500   18.75
294.37500   18.27
294.93750   18.27
294.93750   18.27
295.50000   16.70
295.50000   16.70
295.31250   16.70
295.31250   16.52
295.12500   16.52
295.12500   16.52
295.00000   16.45
295.00000   16.45
295.81250   16.45
295.81250   17.10
295.93750   17.10
295.93750   17.10
295.93750   17.67
295.87500   17.67
295.87500   17.67
296.43750   17.93
296.43750   17.93
296.50000   17.93
296.50000   18.10
296.62500   18.10
296.62500   18.10
296.62500   18.01
296.75000   18.01
296.75000   18.01
297.18750   16.88
297.18750   16.88
296.68750   16.88
296.68750   15.34
297.50000   15.34
297.81250   13.27
297.81250   13.27
298.12500   12.50
298.37500   12.50
298.37500   12.15
299.31250   12.15
299.43750   10.72
299.68750   10.72
299.68750   9.64
299.75000   9.97
299.68750   10.25
299.81250   10.88
299.81250   10.88
300.12500   12.23
300.25000   12.23
300.25000   13.13
300.25000   13.13
300.25000   13.76
300.25000   13.76
301.06250   13.80
301.06250   13.80
300.62500   13.53
300.62500   13.53
300.87500   13.23
300.43750   13.23
300.43750   13.13
300.25000   13.13
300.25000   15.03
300.37500   15.03
300.37500   15.24
301.06250   15.24
301.06250   15.78
301.06250   15.78
301.06250   15.78
300.50000   15.64
300.50000   15.64
300.68750   15.64
300.68750   15.16
301.25000   15.16
301.25000   15.32
301.06250   15.32
301.18750   15.38
301.18750   15.38
301.68750   14.76
301.68750   14.76
301.43750   14.62
301.43750   14.62
301.25000   14.78
301.25000   14.78
302.12500   14.72
302.12500   14.72
301.81250   14.83
301.81250   14.83
302.12500   14.90
302.56250   14.90
302.56250   14.81
302.68750   14.81
302.68750   15.14
302.37500   15.14
302.37500   15.23
302.87500   15.23
302.87500   14.47
303.00000   14.47
303.00000   13.69
303.18750   13.69
303.25000   13.28
303.25000   13.28
302.87500   13.69
302.87500   13.69
303.25000   14.20
303.25000   14.20
303.68750   14.46
303.81250   14.46
303.81250   13.54
303.18750   13.54
303.18750   13.50
303.87500   13.50
303.93750   13.67
303.93750   13.67
304.25000   13.62
304.25000   13.62
304.37500   13.85
304.37500   13.85
304.37500   14.53
304.31250   14.53
304.31250   14.56
304.43750   14.56
304.43750   14.61
304.62500   14.61
304.62500   14.89
304.56250   14.89
304.56250   15.45
305.06250   15.45
305.06250   15.03
304.93750   15.03
304.93750   14.62
305.06250   14.62
305.31250   14.39
305.31250   14.39
305.43750   14.39
305.43750   14.39
305.37500   14.89
305.37500   14.89
305.75000   15.23
305.75000   15.23
305.75000   15.23
305.75000   15.23
305.62500   15.45
305.62500   15.45
305.43750   15.20
305.43750   15.20
305.75000   15.24
305.75000   15.24
305.75000   15.69
306.18750   15.69
306.18750   15.69
306.43750   15.39
306.43750   15.39
306.06250   16.01
306.06250   16.01
306.56250   16.01
306.56250   16.20
306.68750   16.20
306.68750   16.20
306.62500   15.29
306.62500   15.29
306.75000   14.65
306.75000   14.65
306.93750   14.26
306.93750   14.26
307.75000   14.30
307.75000   14.30
308.00000   14.85
307.50000   14.85
307.50000   13.53
307.12500   13.53
307.50000   12.16
307.50000   12.16
307.18750   12.64
307.18750   12.64
307.50000   13.12
307.81250   13.12
307.81250   13.76
308.25000   13.76
308.25000   14.53
307.68750   14.53
307.68750   15.18
307.68750   15.18
307.68750   15.67
308.12500   15.67
308.12500   15.67
308.18750   15.65
308.18750   15.65
308.56250   15.65
308.56250   15.27
308.75000   15.27
308.25000   15.01
308.25000   15.01
308.62500   15.23
308.62500   15.23
308.18750   15.30
308.18750   15.30
308.43750   15.36
308.43750   15.36
308.31250   15.33
308.31250   15.33
308.43750   15.15
308.43750   15.15
308.62500   14.89
308.62500   14.89
308.43750   15.03
308.43750   15.03
308.62500   15.52
308.62500   15.52
308.06250   16.00
308.06250   16.00
308.06250   16.00
308.06250   16.22
308.31250   16.22
308.31250   16.22
308.00000   15.35
308.37500   15.35
308.37500   13.98
307.93750   13.98
307.93750   14.92
307.75000   14.92
307.75000   15.23
307.62500   15.23
307.62500   15.12
307.62500   15.12
307.62500   15.12
308.06250   15.12
308.06250   15.02
308.18750   15.02
308.18750   15.36
308.25000   15.36
308.18750   15.66
308.18750   15.66
308.18750   15.66
307.81250   16.14
307.81250   16.14
307.62500   16.14
307.62500   16.72
307.75000   16.72
307.75000   16.72
307.31250   17.33
307.31250   17.33
307.81250   17.33
307.81250   17.09
308.00000   17.09
308.00000   17.09
308.00000   16.17
308.00000   16.17
308.56250   16.17
308.56250   16.24
307.75000   16.24
307.75000   16.24
308.18750   17.00
308.18750   17.00
308.18750   17.00
308.25000   17.21
308.25000   17.21
308.25000   17.21
308.25000   17.16
308.31250   17.16
308.31250   17.16
308.06250   17.50
308.06250   17.50
307.81250   17.50
307.81250   17.50
307.62500   17.50
307.62500   17.50
307.62500   16.95
307.62500   16.95
307.62500   16.95
308.31250   16.84
308.31250   16.84
308.18750   16.84
308.18750   17.32
308.00000   17.32
308.00000   17.32
308.00000   17.43
308.00000   17.43
307.68750   17.43
307.68750   18.21
307.68750   18.21
308.31250   18.21
308.31250   17.94
308.12500   17.94
308.12500   17.94
308.00000   17.23
308.00000   17.23
307.93750   17.23
307.93750   15.57
308.25000   15.57
308.25000   15.57
308.12500   16.08
308.12500   16.08
308.31250   16.08
308.31250   17.96
308.31250   17.96
308.31250   17.96
308.31250   18.10
308.06250   18.10
308.06250   18.10
308.00000   18.08
308.00000   18.08
307.87500   18.08
307.87500   19.17
307.87500   19.17
308.37500   19.17
308.37500   19.39
308.50000   19.39
308.50000   19.39
308.50000   19.69
308.43750   19.69
308.43750   19.69
308.00000   19.49
308.00000   19.49
308.56250   19.49
308.56250   19.20
308.56250   19.20
308.43750   19.20
308.43750   18.81
308.37500   18.81
308.37500   18.81
308.37500   19.72
308.31250   19.72
308.31250   19.72
308.75000   19.69
308.75000   19.69
308.75000   19.69
308.62500   19.61
308.62500   19.61
309.00000   19.61
309.00000   18.94
309.00000   18.94
309.00000   18.94
309.00000   18.74
309.12500   18.74
309.12500   18.74
309.25000   18.98
309.25000   18.98
309.00000   18.98
309.00000   19.06
309.00000   19.06
309.43750   19.06
309.43750   18.97
309.12500   18.97
309.12500   18.97
309.00000   18.23
309.00000   18.23
309.00000   18.23
309.62500   17.59
309.62500   17.59
309.25000   17.59
309.25000   16.46
309.62500   16.46
309.62500   16.46
309.68750   17.28
309.68750   17.28
309.87500   17.28
309.87500   18.56
309.87500   18.56
310.25000   18.56
310.25000   19.25
309.81250   19.25
309.81250   19.25
310.00000   19.43
310.00000   19.43
310.00000   19.43
309.62500   19.53
309.62500   19.53
309.93750   19.53
309.93750   19.69
309.93750   19.69
309.31250   19.69
309.31250   19.96
309.56250   19.96
309.56250   19.96
309.56250   20.24
309.56250   20.24
309.56250   20.24
309.75000   20.56
309.75000   20.56
309.75000   20.56
309.56250   21.18
309.56250   21.18
309.56250   21.18
309.25000   21.59
309.25000   21.59
309.25000   21.59
309.62500   22.00
309.62500   22.00
309.00000   22.00
309.00000   22.17
309.00000   22.17
308.87500   22.17
308.87500   22.36
308.87500   22.36
309.06250   22.36
309.06250   22.66
309.06250   22.66
309.12500   22.66
309.12500   22.66
309.12500   22.66
308.75000   22.66
308.75000   22.57
308.37500   22.57
308.37500   22.57
308.37500   22.57
308.81250   22.57
308.81250   22.57
308.81250   22.64
308.06250   22.64
308.06250   22.64
308.06250   21.83
308.18750   21.83
308.18750   21.83
308.31250   20.82
308.31250   20.82
308.31250   20.82
307.56250   20.19
307.56250   20.19
307.31250   20.19
307.31250   19.96
307.31250   19.96
307.93750   19.96
307.93750   20.80
307.93750   20.80
308.12500   20.80
308.12500   22.23
308.12500   22.23
307.31250   22.23
307.31250   22.95
306.87500   22.95
306.87500   22.95
306.87500   23.49
306.81250   23.49
306.81250   23.49
306.81250   23.49
306.75000   23.87
306.75000   23.87
306.75000   23.87
306.68750   23.87
306.68750   24.93
306.68750   24.93
306.68750   24.93
306.56250   24.93
306.56250   25.58
306.56250   25.58
306.62500   25.58
306.62500   25.58
306.62500   26.23
306.31250   26.23
306.31250   26.23
306.31250   26.23
306.00000   26.71
306.00000   26.71
306.00000   26.71
306.00000   26.71
305.75000   27.22
305.75000   27.22
305.75000   27.22
305.18750   27.22
305.18750   27.56
305.18750   27.56
305.18750   27.56
304.93750   27.56
304.93750   27.61
304.93750   27.61
305.12500   27.61
305.12500   27.61
305.12500   26.91
305.12500   26.91
304.81250   26.91
304.81250   26.91
304.81250   26.71
304.68750   26.71
304.68750   26.71
304.68750   26.71
304.31250   26.66
304.31250   26.66
304.31250   26.66
304.43750   26.66
304.43750   26.01
304.43750   26.01
304.43750   26.01
304.00000   26.01
304.00000   25.44
304.00000   25.44
304.31250   25.44
304.31250   25.44
304.31250   25.11
304.18750   25.11
304.18750   25.11
304.18750   25.11
303.87500   25.13
303.87500   25.13
303.87500   25.13
304.25000   25.13
304.25000   25.67
304.25000   25.67
304.25000   25.67
303.37500   25.67
303.37500   25.48
303.37500   25.48
303.18750   25.48
303.18750   25.48
303.18750   25.15
303.31250   25.15
303.31250   25.15
303.31250   25.15
303.00000   25.25
303.00000   25.25
303.00000   25.25
303.00000   25.25
303.00000   25.56
303.00000   25.56
302.81250   25.56
302.81250   25.56
302.81250   25.90
302.81250   25.90
301.68750   25.90
301.68750   25.90
301.68750   26.61
301.75000   26.61
301.75000   26.61
301.75000   26.61
302.00000   27.78
302.00000   27.78
302.00000   27.78
302.00000   27.78
301.50000   28.68
301.50000   28.68
301.50000   28.68
301.50000   28.68
300.87500   29.33
300.87500   29.33
300.87500   29.33
300.75000   29.33
300.75000   29.84
300.75000   29.84
300.75000   29.84
300.06250   29.84
300.06250   30.25
300.06250   30.25
300.06250   30.25
300.18750   30.25
300.18750   30.76
300.18750   30.76
300.18750   30.76
299.75000   30.76
299.75000   30.72
299.75000   30.72
299.75000   30.72
299.43750   30.72
299.43750   30.76
299.43750   30.76
299.43750   30.76
299.68750   30.76
299.68750   30.57
299.68750   30.57
299.00000   30.57
299.00000   30.57
299.00000   30.33
299.00000   30.33
298.75000   30.33
298.75000   30.33
298.75000   29.95
298.75000   29.95
298.68750   29.95
298.68750   29.95
298.68750   28.95
298.68750   28.95
298.25000   28.95
298.25000   28.95
298.25000   28.42
297.75000   28.42
297.75000   28.42
297.75000   28.42
297.75000   28.34
298.12500   28.34
298.12500   28.34
298.12500   28.34
297.12500   28.81
297.12500   28.81
297.12500   28.81
297.12500   28.81
296.43750   29.90
296.43750   29.90
296.43750   29.90
296.43750   29.90
296.06250   31.41
296.06250   31.41
296.06250   31.41
296.06250   31.41
296.18750   31.41
296.18750   32.73
296.18750   32.73
296.18750   32.73
295.87500   32.73
295.87500   32.73
295.87500   33.64
295.87500   33.64
296.00000   33.64
296.00000   33.64
296.00000   33.64
296.00000   34.30
296.00000   34.30
295.37500   34.30
295.37500   34.30
295.37500   34.30
295.37500   35.17
294.62500   35.17
294.62500   35.17
294.62500   35.17
294.62500   35.17
294.93750   35.75
294.93750   35.75
294.93750   35.75
294.93750   35.75
294.93750   35.75
295.25000   36.18
295.25000   36.18
295.25000   36.18
295.25000   36.18
295.25000   36.18
294.56250   36.39
294.56250   36.39
294.56250   36.39
294.56250   36.39
294.75000   36.39
294.75000   36.46
294.75000   36.46
294.75000   36.46
294.75000   36.46
294.37500   36.46
294.37500   36.56
294.37500   36.56
294.37500   36.56
294.12500   36.56
294.12500   36.56
294.12500   36.39
294.12500   36.39
294.12500   36.39
294.68750   36.39
294.68750   36.39
294.68750   36.32
294.68750   36.32
293.93750   36.32
293.93750   36.32
293.93750   36.32
293.93750   35.88
293.93750   35.88
293.68750   35.88
293.68750   35.88
293.68750   35.88
293.68750   34.95
293.37500   34.95
293.37500   34.95
293.37500   34.95
293.37500   34.95
292.93750   34.27
292.93750   34.27
292.93750   34.27
292.93750   34.27
292.93750   34.27
292.06250   33.32
292.06250   33.32
292.06250   33.32
292.06250   33.32
291.56250   33.32
291.56250   32.22
291.56250   32.22
291.56250   32.22
291.50000   32.22
291.50000   32.22
291.50000   30.96
291.31250   30.96
291.31250   30.96
291.31250   30.96
291.31250   30.07
291.56250   30.07
291.56250   30.07
291.56250   30.07
291.56250   29.33
291.06250   29.33
291.06250   29.33
291.06250   29.33
290.68750   29.00
290.68750   29.00
290.68750   29.00
290.68750   29.00
290.37500   28.31
290.37500   28.31
290.37500   28.31
289.62500   28.31
289.62500   29.92
289.62500   29.92
289.62500   29.92
289.62500   29.92
289.62500   46.73
289.25000   46.73
289.25000   46.73
289.25000   46.73
289.25000   46.73
289.25000   46.73
289.25000   46.73
289.25000   52.93
288.93750   52.93
288.93750   52.93
288.93750   52.93
288.93750   52.93
288.93750   52.93
288.93750   52.93
288.93750   29.51
287.43750   29.51
287.43750   29.51
287.43750   29.51
287.43750   33.12
287.68750   33.12
287.68750   33.12
287.68750   33.12
287.68750   33.12
287.87500   28.42
287.87500   28.42
287.87500   28.42
286.93750   28.42
286.93750   27.05
286.93750   27.05
286.93750   27.05
286.93750   27.05
286.43750   37.80
286.43750   37.80
286.43750   37.80
286.56250   37.80
286.56250   37.80
286.56250   29.21
286.56250   29.21
286.31250   29.21
286.31250   29.21
286.31250   29.75
286.31250   29.75
286.43750   29.75
286.43750   29.75
286.43750   30.54
286.43750   30.54
286.06250   30.54
286.06250   30.54
286.06250   31.35
286.06250   31.35
285.81250   31.35
285.81250   31.35
285.81250   31.35
285.81250   32.46
285.25000   32.46
285.25000   32.46
285.25000   32.46
285.25000   32.46
285.56250   33.15
285.56250   33.15
285.56250   33.15
285.56250   33.15
285.06250   33.15
285.06250   34.03
285.06250   34.03
285.06250   34.03
284.68750   34.03
284.68750   34.03
284.68750   34.18
284.68750   34.18
284.68750   34.18
285.00000   34.18
285.00000   34.18
285.00000   34.91
285.00000   34.91
284.37500   34.91
284.37500   34.91
284.37500   34.91
284.37500   35.42
284.00000   35.42
284.00000   35.42
284.00000   35.42
284.00000   35.42
284.00000   35.59
283.87500   35.59
283.87500   35.59
283.87500   35.59
283.87500   35.59
283.62500   35.59
283.62500   35.59
283.62500   35.59
283.62500   35.59
283.62500   35.59
283.56250   35.39
283.56250   35.39
283.56250   35.39
283.56250   35.39
283.68750   35.39
283.68750   35.14
283.68750   35.14
283.68750   35.14
283.87500   35.14
283.87500   35.14
283.87500   35.17
283.87500   35.17
283.87500   35.17
283.81250   35.17
283.81250   35.17
283.81250   35.10
283.81250   35.10
283.50000   35.10
283.50000   35.10
283.50000   35.10
283.50000   34.79
283.50000   34.79
283.12500   34.79
283.12500   34.79
283.12500   34.79
283.12500   34.24
283.50000   34.24
283.50000   34.24
283.50000   34.24
283.50000   34.24
283.18750   33.44
283.18750   33.44
283.18750   33.44
283.18750   33.44
282.68750   33.44
282.68750   31.85
282.68750   31.85
282.68750   31.85
283.62500   31.85
283.62500   31.85
283.62500   30.21
283.62500   30.21
282.93750   30.21
282.93750   30.21
282.93750   28.87
281.12500   28.87
281.12500   28.87
281.12500   28.87
281.12500   28.06
282.50000   28.06
282.50000   28.06
282.50000   28.06
282.56250   27.46
282.56250   27.46
282.56250   27.46
282.56250   27.46
282.25000   27.08
282.25000   27.08
282.25000   27.08
282.12500   27.08
282.12500   26.03
282.12500   26.03
282.18750   26.03
282.18750   26.03
282.18750   24.36
282.62500   24.36
282.62500   24.36
282.62500   24.36
282.68750   22.65
282.68750   22.65
282.68750   22.65
283.12500   21.14
283.12500   21.14
282.68750   21.14
282.68750   19.51
283.56250   19.51
283.56250   19.51
283.31250   16.65
283.31250   16.65
283.18750   16.65
283.18750   13.94
283.12500   13.94
283.12500   15.29
283.37500   15.29
283.37500   16.63
283.25000   16.63
283.25000   16.63
283.50000   18.60
283.50000   18.60
283.50000   18.60
283.37500   20.38
283.37500   20.38
283.37500   20.38
283.12500   21.08
283.12500   21.08
282.68750   21.08
282.68750   21.59
282.68750   21.59
282.93750   21.59
282.93750   21.87
282.93750   21.87
282.37500   21.87
282.37500   22.55
282.37500   22.55
282.68750   22.55
282.68750   23.30
282.06250   23.30
282.06250   23.30
282.06250   23.68
281.93750   23.68
281.93750   23.68
281.93750   23.68
281.50000   24.26
281.50000   24.26
281.50000   24.26
281.50000   24.26
281.31250   24.36
281.31250   24.36
281.31250   24.36
281.25000   24.36
281.25000   24.45
281.25000   24.45
281.68750   24.45
281.68750   24.45
281.68750   24.97
282.43750   24.97
282.43750   24.97
282.43750   24.97
281.31250   25.42
281.31250   25.42
281.31250   25.42
280.87500   25.42
280.87500   26.08
280.87500   26.08
280.87500   26.08
281.25000   26.08
281.25000   26.87
281.25000   26.87
280.56250   26.87
280.56250   26.87
280.56250   27.76
280.25000   27.76
280.25000   27.76
280.25000   27.76
280.25000   28.47
280.37500   28.47
280.37500   28.47
280.37500   28.47
280.37500   28.79
279.93750   28.79
279.93750   28.79
279.93750   28.79
280.00000   28.21
280.00000   28.21
280.00000   28.21
280.00000   28.21
279.68750   27.78
279.68750   27.78
279.68750   27.78
280.00000   27.78
280.00000   27.34
280.00000   27.34
279.37500   27.34
279.37500   27.34
279.37500   26.94
279.37500   26.94
278.75000   26.94
278.75000   26.94
278.75000   27.13
278.81250   27.13
278.81250   27.13
278.81250   27.13
278.81250   27.71
278.81250   27.71
278.81250   27.71
278.81250   27.71
278.37500   28.03
278.37500   28.03
278.37500   28.03
278.37500   28.03
278.87500   28.55
278.87500   28.55
278.87500   28.55
278.81250   28.55
278.81250   28.65
278.81250   28.65
278.81250   28.65
277.81250   28.65
277.81250   28.65
277.81250   28.65
277.81250   28.65
278.31250   28.65
278.31250   28.65
278.31250   28.65
278.06250   28.65
278.06250   28.65
278.06250   29.03
278.06250   29.03
278.43750   29.03
278.43750   29.03
278.43750   29.53
276.56250   29.53
276.56250   29.53
276.56250   29.53
276.56250   29.19
277.75000   29.19
277.75000   29.19
277.75000   29.19
277.75000   29.67
276.68750   29.67
276.68750   29.67
276.68750   29.67
276.31250   30.10
276.31250   30.10
276.31250   30.10
276.31250   30.10
276.25000   30.36
276.25000   30.36
276.25000   30.36
276.25000   30.36
275.87500   30.72
275.87500   30.72
275.87500   30.72
275.87500   30.72
275.25000   31.09
275.25000   31.09
275.25000   31.09
275.25000   31.09
274.37500   31.09
274.37500   31.31
274.37500   31.31
274.37500   31.31
274.25000   31.31
274.25000   31.31
274.25000   31.59
274.25000   31.59
273.68750   31.59
273.68750   31.59
273.68750   31.59
273.68750   32.62
273.56250   32.62
273.56250   32.62
273.56250   32.62
273.56250   32.62
273.18750   34.45
273.18750   34.45
273.18750   34.45
273.18750   34.45
273.18750   34.45
271.75000   35.92
271.75000   35.92
271.75000   35.92
271.75000   35.92
271.75000   35.92
272.12500   37.19
272.12500   37.19
272.12500   37.19
272.12500   37.19
271.81250   37.19
271.81250   38.67
271.81250   38.67
271.81250   38.67
271.81250   38.67
271.06250   38.67
271.06250   39.74
271.06250   39.74
271.06250   39.74
271.06250   39.74
269.37500   39.74
269.37500   39.74
269.37500   40.90
269.37500   40.90
269.37500   40.90
269.37500   40.90
269.56250   40.90
269.56250   40.90
269.56250   41.94
269.56250   41.94
269.56250   41.94
268.68750   41.94
268.68750   41.94
268.68750   41.94
268.68750   43.10
268.68750   43.10
268.31250   43.10
268.31250   43.10
268.31250   43.10
268.31250   43.10
268.31250   44.04
268.31250   44.04
267.43750   44.04
267.43750   44.04
267.43750   44.04
267.43750   44.04
267.43750   44.80
267.62500   44.80
267.62500   44.80
267.62500   44.80
267.62500   44.80
267.62500   44.80
267.62500   45.10
266.81250   45.10
266.81250   45.10
266.81250   45.10
266.81250   45.10
266.81250   45.10
266.81250   45.41
266.00000   45.41
266.00000   45.41
266.00000   45.41
266.00000   45.41
266.00000   45.41
264.31250   45.86
264.31250   45.86
264.31250   45.86
264.31250   45.86
264.31250   45.86
264.31250   45.86
263.93750   46.00
263.93750   46.00
263.93750   46.00
263.93750   46.00
263.93750   46.00
263.93750   46.00
264.81250   45.68
264.81250   45.68
264.81250   45.68
264.81250   45.68
264.81250   45.68
264.81250   45.68
263.93750   46.55
263.93750   46.55
263.93750   46.55
263.93750   46.55
263.93750   46.55
263.93750   46.55
263.50000   46.55
263.50000   47.55
263.50000   47.55
263.50000   47.55
263.50000   47.55
263.50000   47.55
263.18750   47.55
263.18750   47.55
263.18750   48.44
263.18750   48.44
263.18750   48.44
263.18750   48.44
262.12500   48.44
262.12500   48.44
262.12500   48.44
262.12500   49.19
262.12500   49.19
262.12500   49.19
261.06250   49.19
261.06250   49.19
261.06250   49.19
261.06250   49.19
261.06250   50.01
261.06250   50.01
261.12500   50.01
261.12500   50.01
261.12500   50.01
261.12500   50.01
261.12500   50.01
261.12500   50.56
261.12500   50.56
261.25000   50.56
261.25000   50.56
261.25000   50.56
261.25000   50.56
261.25000   50.56
261.25000   49.82
260.06250   49.82
260.06250   49.82
260.06250   49.82
260.06250   49.82
260.06250   49.82
260.06250   49.82
259.81250   48.40
259.81250   48.40
259.81250   48.40
259.81250   48.40
259.81250   48.40
259.81250   48.40
259.06250   48.40
259.06250   47.02
259.06250   47.02
259.06250   47.02
259.06250   47.02
259.06250   47.02
259.18750   47.02
259.18750   47.02
259.18750   45.60
259.18750   45.60
259.18750   45.60
259.43750   45.60
259.43750   45.60
259.43750   45.60
259.43750   44.08
259.43750   44.08
259.43750   44.08
259.12500   44.08
259.12500   44.08
259.12500   44.08
259.12500   42.86
259.12500   42.86
259.56250   42.86
259.56250   42.86
259.56250   42.86
259.56250   42.86
259.56250   41.64
258.81250   41.64
258.81250   41.64
258.81250   41.64
258.81250   41.64
258.81250   41.64
258.00000   40.20
258.00000   40.20
258.00000   40.20
258.00000   40.20
258.00000   40.20
258.31250   40.20
258.31250   38.95
258.31250   38.95
258.31250   38.95
258.31250   38.95
257.81250   38.95
257.81250   38.95
257.81250   37.42
257.81250   37.42
257.75000   37.42
257.75000   37.42
257.75000   37.42
257.75000   35.78
257.75000   35.78
258.50000   35.78
258.50000   35.78
258.50000   35.78
257.56250   31.03
257.56250   31.03
257.56250   31.03
257.56250   31.03
257.37500   31.03
257.37500   23.35
257.62500   23.35
257.12500   23.35
256.87500   7.75
257.00000   6.78
257.37500   8.38
257.25000   9.36
257.93750   8.87
258.00000   10.88
257.75000   10.88
257.75000   12.88
257.50000   12.88
257.50000   16.32
257.18750   16.32
257.18750   16.32
257.18750   19.11
256.93750   19.11
256.93750   19.11
256.93750   20.82
256.68750   20.82
256.68750   20.82
256.50000   21.43
256.50000   21.43
256.50000   21.43
256.43750   21.92
256.43750   21.92
256.43750   21.92
255.93750   22.73
255.93750   22.73
255.93750   22.73
255.43750   23.70
255.43750   23.70
255.43750   23.70
255.18750   23.70
255.18750   24.17
255.18750   24.17
254.62500   24.17
254.62500   24.17
254.62500   23.83
254.56250   23.83
254.56250   23.83
254.56250   23.83
254.25000   23.56
254.25000   23.56
254.25000   23.56
253.62500   23.56
253.62500   23.31
253.62500   23.31
253.68750   23.31
253.68750   23.63
253.87500   23.63
253.87500   23.63
253.87500   23.63
253.87500   23.82
253.87500   23.82
253.87500   23.82
253.68750   23.82
253.68750   24.07
253.68750   24.07
253.68750   24.07
253.68750   24.07
253.68750   24.43
253.68750   24.43
253.31250   24.43
253.31250   24.43
253.31250   25.17
253.62500   25.17
253.62500   25.17
253.62500   25.17
252.81250   25.63
252.81250   25.63
252.81250   25.63
252.62500   25.63
252.62500   26.14
252.62500   26.14
252.81250   26.14
252.81250   26.14
252.81250   26.43
252.81250   26.43
252.56250   26.43
252.56250   26.43
252.56250   26.23
252.37500   26.23
252.37500   26.23
252.37500   26.23
252.00000   26.41
252.00000   26.41
252.00000   26.41
252.00000   26.41
251.75000   26.08
251.75000   26.08
251.75000   26.08
251.93750   26.08
251.93750   25.42
251.93750   25.42
251.56250   25.42
251.56250   25.42
251.56250   24.81
251.37500   24.81
251.37500   24.81
251.37500   24.81
251.25000   24.19
251.25000   24.19
251.25000   24.19
251.62500   24.19
251.62500   23.54
251.62500   23.54
251.75000   23.54
251.75000   23.54
251.75000   23.37
250.93750   23.37
250.93750   23.37
250.93750   22.95
250.50000   22.95
250.50000   22.95
250.50000   22.93
250.56250   22.93
250.56250   22.93
250.75000   23.53
250.75000   23.53
250.75000   23.53
250.75000   23.53
250.87500   23.96
250.87500   23.96
250.87500   23.96
250.68750   23.96
250.68750   24.47
250.68750   24.47
250.50000   24.47
250.50000   24.47
250.50000   25.15
250.06250   25.15
250.06250   25.15
250.06250   25.15
250.75000   25.29
250.75000   25.29
250.75000   25.29
251.62500   25.29
251.62500   24.73
251.62500   24.73
252.00000   24.73
252.00000   24.73
252.00000   23.94
251.31250   23.94
251.31250   23.94
251.31250   23.94
251.37500   23.80
251.37500   23.80
251.37500   23.80
251.37500   23.80
251.37500   23.63
251.37500   23.63
250.62500   23.63
250.62500   23.63
250.62500   23.58
250.18750   23.58
250.18750   23.58
250.18750   23.58
250.31250   23.93
250.31250   23.93
250.31250   23.93
249.87500   23.93
249.87500   23.78
249.87500   23.78
250.31250   23.78
250.31250   23.78
250.31250   22.85
250.25000   22.85
250.25000   22.85
250.31250   21.73
250.31250   21.73
250.31250   21.73
250.75000   20.56
250.75000   20.56
251.18750   20.56
251.18750   19.05
251.18750   19.05
252.37500   19.05
252.37500   17.54
252.68750   17.54
252.68750   17.54
252.68750   16.37
252.68750   16.37
253.06250   16.37
253.06250   15.89
253.18750   15.89
253.18750   15.89
253.81250   16.03
253.81250   16.03
254.06250   16.03
254.06250   16.80
255.43750   16.80
255.43750   16.80
254.56250   17.32
254.56250   17.32
254.81250   17.32
254.81250   16.37
255.18750   16.37
255.18750   16.37
255.81250   15.41
255.81250   15.41
255.56250   14.85
255.56250   14.85
255.12500   14.75
255.12500   14.75
255.25000   14.83
255.25000   14.83
255.31250   15.74
255.31250   15.74
254.87500   15.74
254.87500   17.49
254.25000   17.49
254.25000   17.49
253.87500   19.22
253.87500   19.22
253.87500   19.22
254.81250   20.54
254.81250   20.54
254.81250   20.54
253.87500   21.12
253.87500   21.12
254.00000   21.12
254.00000   21.02
254.00000   21.02
254.06250   21.02
254.06250   20.76
253.87500   20.76
253.87500   20.76
253.87500   19.36
253.93750   19.36
253.93750   19.36
254.31250   17.39
254.31250   17.39
254.00000   17.39
254.00000   15.44
254.43750   15.44
254.43750   16.06
254.68750   16.06
254.68750   16.06
254.75000   15.89
254.75000   15.89
254.81250   15.89
254.81250   16.48
255.06250   16.48
255.06250   16.48
255.37500   17.33
255.37500   17.33
255.37500   17.33
255.56250   17.85
255.56250   17.85
256.06250   17.85
256.06250   16.90
256.12500   16.90
256.12500   16.90
256.56250   14.95
256.75000   14.95
256.75000   13.32
256.31250   13.32
256.31250   13.68
256.81250   13.68
257.18750   12.65
257.18750   12.65
257.18750   11.75
257.06250   11.75
257.06250   11.71
257.25000   11.71
257.87500   10.69
257.87500   10.69
257.87500   10.90
257.75000   10.90
258.12500   11.17
258.12500   11.17
258.56250   10.56
258.12500   10.56
258.18750   10.03
258.00000   10.04
258.00000   10.09
258.50000   10.18
258.62500   10.28
258.68750   10.19
259.50000   10.21
259.50000   10.57
259.62500   10.57
259.68750   11.19
259.68750   11.19
259.81250   11.44
260.18750   11.44
260.87500   11.45
260.87500   11.45
261.62500   11.45
261.43750   11.45
261.43750   11.82
261.62500   11.82
261.56250   11.74
261.56250   11.74
261.43750   11.22
261.31250   11.22
261.31250   11.61
261.50000   11.61
262.31250   11.73
262.62500   11.73
262.62500   11.84
263.25000   11.84
263.25000   12.36
262.87500   12.36
263.50000   12.35
263.50000   12.35
263.81250   12.23
264.25000   12.23
264.25000   12.35
264.37500   12.35
264.43750   12.37
264.43750   12.37
264.81250   13.14
264.81250   13.14
264.18750   13.08
265.00000   13.08
265.00000   12.98
265.12500   12.98
265.18750   13.02
265.18750   13.02
265.31250   12.91
265.31250   12.91
265.62500   12.90
265.75000   12.90
265.75000   12.97
266.00000   12.97
266.31250   12.75
266.31250   12.75
266.31250   13.35
266.31250   13.35
266.18750   13.74
266.18750   13.74
266.56250   13.98
267.12500   13.98
267.12500   13.42
266.87500   13.42
266.87500   12.93
266.31250   12.93
266.43750   12.76
266.43750   12.76
266.37500   12.83
266.12500   12.83
266.12500   13.02
266.00000   13.02
266.00000   13.15
266.00000   13.15
266.12500   13.16
266.12500   13.16
266.00000   13.24
266.00000   13.24
266.12500   14.43
266.12500   14.43
266.56250   15.06
266.75000   15.06
266.75000   14.35
266.12500   14.35
266.12500   13.17
266.31250   13.17
266.56250   12.04
266.56250   12.04
266.62500   10.98
266.87500   10.98
266.87500   10.17
266.87500   11.97
267.18750   11.97
267.18750   14.58
267.12500   14.58
267.12500   16.68
267.18750   16.68
267.18750   16.68
267.18750   17.47
267.18750   17.47
267.37500   17.47
267.37500   18.27
267.31250   18.27
267.31250   18.27
267.31250   18.78
266.25000   18.78
266.25000   18.78
266.87500   19.61
266.87500   19.61
266.87500   19.61
266.37500   20.95
266.37500   20.95
266.37500   20.95
266.00000   22.93
266.00000   22.93
266.00000   22.93
265.25000   25.30
265.25000   25.30
265.25000   25.30
263.81250   25.30
263.81250   28.19
263.81250   28.19
263.81250   28.19
262.50000   28.19
262.50000   30.97
262.50000   30.97
262.50000   30.97
261.62500   30.97
261.62500   33.12
261.62500   33.12
261.62500   33.12
260.12500   33.12
260.12500   33.12
260.12500   34.51
260.12500   34.51
260.12500   34.51
259.50000   34.51
259.50000   34.51
259.50000   35.72
259.50000   35.72
258.87500   35.72
258.87500   35.72
258.87500   35.72
258.87500   36.05
258.87500   36.05
259.12500   36.05
259.12500   36.05
259.12500   36.05
259.12500   36.39
258.25000   36.39
258.25000   36.39
258.25000   36.39
258.25000   36.39
258.25000   37.05
258.12500   37.05
258.12500   37.05
258.12500   37.05
258.12500   37.05
257.25000   37.77
257.25000   37.77
257.25000   37.77
257.25000   37.77
257.25000   37.77
256.62500   38.29
256.62500   38.29
256.62500   38.29
256.62500   38.29
256.62500   38.29
256.06250   38.56
256.06250   38.56
256.06250   38.56
256.06250   38.56
256.06250   38.56
255.56250   38.64
255.56250   38.64
255.56250   38.64
255.56250   38.64
255.56250   38.64
254.31250   38.75
254.31250   38.75
254.31250   38.75
254.31250   38.75
254.31250   38.75
253.93750   38.75
253.93750   39.31
253.93750   39.31
253.93750   39.31
253.93750   39.31
253.18750   39.31
253.18750   39.31
253.18750   39.82
253.18750   39.82
253.18750   39.82
252.37500   39.82
252.37500   39.82
252.37500   39.82
252.37500   39.99
252.37500   39.99
251.62500   39.99
251.62500   39.99
251.62500   39.99
251.62500   39.99
251.62500   40.34
251.06250   40.34
251.06250   40.34
251.06250   40.34
251.06250   40.34
251.06250   40.34
249.93750   37.48
249.93750   37.48
249.93750   37.48
249.93750   37.48
249.37500   37.48
249.37500   31.46
249.37500   31.46
248.43750   31.46
248.43750   31.46
248.43750   31.46
247.87500   24.18
247.87500   24.18
247.87500   24.18
247.00000   24.18
247.00000   21.20
246.00000   21.20
246.00000   21.20
246.00000   23.11
245.68750   23.11
245.68750   23.11
245.68750   24.37
245.68750   24.37
245.43750   24.37
245.43750   24.37
245.43750   25.56
245.00000   25.56
245.00000   25.56
245.00000   25.56
244.75000   26.32
244.75000   26.32
244.75000   26.32
243.75000   26.32
243.75000   27.05
243.75000   27.05
243.75000   27.05
243.31250   27.05
243.31250   27.61
243.31250   27.61
243.31250   27.61
243.31250   27.61
243.31250   27.10
243.31250   27.10
243.00000   27.10
243.00000   27.10
243.00000   27.73
242.81250   27.73
242.81250   27.73
242.81250   27.73
242.81250   28.16
243.18750   28.16
243.18750   28.16
243.18750   28.16
243.25000   28.06
243.25000   28.06
243.25000   28.06
243.25000   28.06
243.00000   28.03
243.00000   28.03
243.00000   28.03
242.62500   28.03
242.62500   28.24
242.62500   28.24
242.62500   28.24
241.93750   28.24
241.93750   28.34
241.93750   28.34
241.75000   28.34
241.75000   28.34
241.75000   28.47
241.75000   28.47
241.18750   28.47
241.18750   28.47
241.18750   28.76
241.18750   28.76
241.25000   28.76
241.25000   28.76
241.25000   28.89
241.12500   28.89
241.12500   28.89
241.12500   28.89
241.12500   28.92
240.62500   28.92
240.62500   28.92
240.62500   28.92
240.56250   29.61
240.56250   29.61
240.56250   29.61
240.56250   29.61
240.06250   30.33
240.06250   30.33
240.06250   30.33
240.06250   30.33
239.18750   28.81
239.18750   28.81
239.18750   28.81
238.25000   28.81
238.25000   25.84
238.25000   25.84
236.75000   25.84
236.75000   25.84
236.75000   26.61
236.75000   26.61
236.00000   26.61
236.00000   26.61
236.00000   27.96
236.18750   27.96
236.18750   27.96
236.18750   27.96
236.18750   28.16
236.00000   28.16
236.00000   28.16
236.00000   28.16
236.68750   28.97
236.68750   28.97
236.68750   28.97
236.68750   28.97
236.43750   29.47
236.43750   29.47
236.43750   29.47
236.43750   29.47
236.31250   29.50
236.31250   29.50
236.31250   29.50
236.31250   29.50
235.62500   29.58
235.62500   29.58
235.62500   29.58
235.68750   29.58
235.68750   29.55
235.68750   29.55
235.68750   29.55
235.12500   29.55
235.12500   29.44
235.12500   29.44
235.12500   29.44
235.50000   29.44
235.50000   29.33
235.50000   29.33
235.06250   29.33
235.06250   29.33
235.06250   29.19
235.06250   29.19
235.00000   29.19
235.00000   29.19
235.00000   29.08
235.00000   29.08
235.25000   29.08
235.25000   29.08
235.25000   28.97
234.56250   28.97
234.56250   28.97
234.56250   28.97
234.56250   28.71
234.56250   28.71
234.56250   28.71
234.56250   28.71
234.62500   28.26
234.62500   28.26
234.62500   28.26
234.62500   28.26
234.75000   27.68
234.75000   27.68
234.75000   27.68
234.81250   27.68
234.81250   26.84
234.81250   26.84
234.31250   26.84
234.31250   26.84
234.31250   26.03
234.31250   26.03
234.50000   26.03
234.50000   26.03
234.50000   25.50
234.50000   25.50
234.50000   25.50
234.50000   25.50
234.31250   24.97
234.31250   24.97
234.31250   24.97
234.12500   24.97
234.12500   24.28
234.12500   24.28
234.06250   24.28
234.06250   24.28
234.06250   23.54
233.93750   23.54
233.93750   23.54
233.93750   23.54
233.75000   24.21
233.75000   24.21
233.75000   24.21
233.87500   24.21
233.87500   23.85
233.87500   23.85
233.56250   23.85
233.56250   23.85
233.56250   24.09
234.00000   24.09
234.00000   24.09
234.00000   24.09
233.81250   24.21
233.81250   24.21
233.81250   24.21
233.50000   24.21
233.50000   24.43
233.56250   24.43
233.56250   24.43
233.56250   24.65
233.43750   24.65
233.43750   24.65
233.43750   24.65
233.50000   25.19
233.50000   25.19
233.50000   25.19
233.50000   25.19
233.62500   24.89
233.62500   24.89
233.62500   24.89
233.62500   24.89
233.62500   25.27
233.62500   25.27
233.62500   25.27
233.62500   25.27
233.62500   24.19
233.56250   24.19
233.56250   24.19
233.56250   24.19
233.43750   23.30
233.43750   23.30
233.43750   23.30
232.93750   22.57
232.93750   22.57
233.18750   22.57
233.18750   22.00
233.18750   22.00
232.81250   22.00
232.81250   21.57
232.81250   21.57
232.50000   21.57
232.50000   20.97
233.12500   20.97
233.12500   20.97
233.12500   20.56
232.81250   20.56
232.81250   20.56
232.87500   21.27
232.87500   21.27
232.87500   21.27
232.50000   21.61
232.50000   21.61
232.50000   21.61
232.50000   21.77
232.50000   21.77
232.50000   21.77
232.75000   22.08
232.75000   22.08
232.43750   22.08
232.43750   21.89
232.43750   21.89
232.75000   21.89
232.75000   21.96
232.75000   21.96
232.75000   21.96
232.75000   22.12
232.75000   22.12
232.81250   22.12
232.81250   22.21
232.81250   22.21
233.37500   22.21
233.37500   22.44
233.25000   22.44
233.25000   22.44
233.25000   22.80
232.75000   22.80
232.75000   22.80
232.75000   23.18
232.87500   23.18
232.87500   23.18
232.87500   23.16
232.18750   23.16
232.18750   23.16
232.18750   22.75
232.50000   22.75
232.50000   22.75
232.50000   22.17
232.50000   22.17
232.50000   22.17
232.37500   21.41
232.37500   21.41
232.37500   21.41
232.50000   21.02
232.50000   21.02
232.75000   21.02
232.75000   19.96
232.75000   19.96
232.50000   19.96
232.50000   18.66
232.75000   18.66
232.75000   18.66
232.18750   17.73
232.18750   17.73
232.18750   17.73
232.62500   17.15
232.62500   17.15
232.43750   17.15
232.50000   17.77
232.50000   17.77
232.50000   17.77
231.68750   17.88
231.68750   17.88
232.18750   17.88
232.18750   17.70
232.18750   17.70
231.93750   17.70
231.93750   17.38
232.18750   17.38
232.18750   17.38
232.25000   16.44
232.25000   16.44
232.12500   16.44
232.12500   14.59
232.06250   14.59
232.12500   13.42
232.12500   13.42
232.31250   11.41
231.93750   11.41
231.56250   10.10
231.68750   8.47
