2.39
2.83
2.83
9.66
10.22
11.84
11.84
13.68
13.68
14.95
14.95
15.74
15.74
15.74
16.07
16.07
16.07
16.44
16.44
16.44
16.71
16.71
16.71
17.29
17.29
17.29
17.61
17.61
17.61
17.67
17.67
17.67
17.62
17.62
17.62
18.20
18.20
18.20
19.19
19.19
19.19
19.20
19.20
19.20
19.22
19.22
19.22
18.94
18.94
18.94
19.25
19.25
19.25
19.62
19.62
19.62
20.15
20.15
20.15
20.29
20.29
20.29
20.58
20.58
20.58
20.67
20.67
20.67
20.51
20.51
20.51
20.45
20.45
20.45
19.96
19.96
19.96
19.77
19.77
19.77
20.22
20.22
20.22
20.52
20.52
20.52
20.76
20.76
20.76
20.67
20.67
20.67
20.61
20.61
20.61
20.52
20.52
20.52
20.60
20.60
20.60
20.45
20.45
20.45
20.40
20.40
20.40
20.89
20.89
20.89
21.06
21.06
21.06
21.01
21.01
21.01
21.10
21.10
21.10
21.37
21.37
21.37
21.33
21.33
21.33
21.37
21.37
21.37
21.29
21.29
21.29
21.43
21.43
21.43
21.33
21.33
21.33
21.51
21.51
21.51
21.41
21.41
21.41
21.33
21.33
21.33
21.35
21.35
21.35
21.25
21.25
21.25
21.39
21.39
21.39
21.49
21.49
21.49
21.35
21.35
21.35
21.41
21.41
21.41
21.83
21.83
21.83
21.92
21.92
21.92
22.17
22.17
22.17
22.00
22.00
22.00
21.71
21.71
21.71
21.41
21.41
21.41
21.69
21.69
21.69
21.45
21.45
21.45
21.31
21.31
21.31
20.95
20.95
20.95
20.99
20.99
20.99
21.14
21.14
21.14
21.31
21.31
21.31
21.25
21.25
21.25
21.14
21.14
21.14
20.82
20.82
20.82
20.54
20.54
20.54
20.71
20.71
20.71
21.79
21.79
21.79
22.55
22.55
22.55
23.82
23.82
23.82
23.82
24.22
24.22
24.22
24.22
24.06
24.06
24.06
24.06
23.72
23.72
23.72
23.72
23.72
23.72
23.72
23.72
22.70
22.70
22.70
19.72
19.72
19.72
15.51
15.51
12.13
12.13
12.39
12.39
13.24
13.24
14.85
14.85
16.21
16.21
16.21
17.24
17.24
17.24
18.43
18.43
18.43
19.16
19.16
19.16
19.57
19.57
19.57
19.67
19.67
19.67
19.61
19.61
19.61
19.39
19.39
19.39
19.43
19.43
19.43
18.66
18.66
18.66
16.42
16.42
16.42
16.57
16.57
16.57
16.87
16.87
16.87
14.96
14.96
15.12
15.12
16.87
16.87
16.87
17.73
17.73
17.73
18.35
18.35
18.35
18.94
18.94
18.94
18.78
18.78
18.78
19.14
19.14
19.14
19.44
19.44
19.44
19.49
19.49
19.49
19.84
19.84
19.84
20.38
20.38
20.38
20.56
20.56
20.56
20.69
20.69
20.69
20.74
20.74
20.74
20.84
20.84
20.84
20.95
20.95
20.95
20.78
20.78
20.78
20.42
20.42
20.42
19.72
19.72
19.72
18.85
18.85
18.85
17.65
17.65
17.65
16.49
16.49
16.49
16.13
16.13
16.13
15.19
15.19
13.73
13.73
13.23
13.23
13.98
13.98
15.44
15.44
17.65
17.65
17.65
18.77
18.77
18.77
19.99
19.99
19.99
20.74
20.74
20.74
20.82
20.82
20.82
20.78
20.78
20.78
20.82
20.82
20.82
20.97
20.97
20.97
20.87
20.87
20.87
20.63
20.63
20.63
20.82
20.82
20.82
20.87
20.87
20.87
21.16
21.16
21.16
21.01
21.01
21.01
21.08
21.08
21.08
21.06
21.06
21.06
21.22
21.22
21.22
21.27
21.27
21.27
21.24
21.24
21.24
21.33
21.33
21.33
21.27
21.27
21.27
21.06
21.06
21.06
21.01
21.01
21.01
21.02
21.02
21.02
20.99
20.99
20.99
20.93
20.93
20.93
20.87
20.87
20.87
20.84
20.84
20.84
21.39
21.39
21.39
21.92
21.92
21.92
21.94
21.94
21.94
21.37
21.37
21.37
20.95
20.95
20.95
20.49
20.49
20.49
20.38
20.38
20.38
20.47
20.47
20.47
20.43
20.43
20.43
20.93
20.93
20.93
21.02
21.02
21.02
21.02
21.02
21.02
20.58
20.58
20.58
20.38
20.38
20.38
20.51
20.51
20.51
20.31
20.31
20.31
20.58
20.58
20.58
20.34
20.34
20.34
19.99
19.99
19.99
19.61
19.61
19.61
19.94
19.94
19.94
20.49
20.49
20.49
20.45
20.45
20.45
20.26
20.26
20.26
20.29
20.29
20.29
19.98
19.98
19.98
19.94
19.94
19.94
20.03
20.03
20.03
20.05
20.05
20.05
20.08
20.08
20.08
20.24
20.24
20.24
20.17
20.17
20.17
20.20
20.20
20.20
20.29
20.29
20.29
20.52
20.52
20.52
20.36
20.36
20.36
20.40
20.40
20.40
20.45
20.45
20.45
20.89
20.89
20.89
21.04
21.04
21.04
20.80
20.80
20.80
20.51
20.51
20.51
20.38
20.38
20.38
20.45
20.45
20.45
20.03
20.03
20.03
19.86
19.86
19.86
20.08
20.08
20.08
20.56
20.56
20.56
20.82
20.82
20.82
20.82
20.82
20.82
20.38
20.38
20.38
20.54
20.54
20.54
20.65
20.65
20.65
20.87
20.87
20.87
20.93
20.93
20.93
20.89
20.89
20.89
20.85
20.85
20.85
20.82
20.82
20.82
20.80
20.80
20.80
20.99
20.99
20.99
21.20
21.20
21.20
21.16
21.16
21.16
21.29
21.29
21.29
21.33
21.33
21.33
21.14
21.14
21.14
21.02
21.02
21.02
20.78
20.78
20.78
20.93
20.93
20.93
21.02
21.02
21.02
20.85
20.85
20.85
20.65
20.65
20.65
20.54
20.54
20.54
19.93
19.93
19.93
19.76
19.76
19.76
19.98
19.98
19.98
20.52
20.52
20.52
20.93
20.93
20.93
21.16
21.16
21.16
21.33
21.33
21.33
21.51
21.51
21.51
21.39
21.39
21.39
21.53
21.53
21.53
21.69
21.69
21.69
21.37
21.37
21.37
20.71
20.71
20.71
20.10
20.10
20.10
19.44
19.44
19.44
18.94
18.94
18.94
18.21
18.21
18.21
17.32
17.32
17.32
16.28
16.28
16.28
13.30
13.30
9.72
8.95
0.31
7.31
8.89
10.94
10.94
13.05
13.05
13.95
13.95
14.85
14.85
15.87
15.87
15.87
16.37
16.37
16.37
16.58
16.58
16.58
16.90
16.90
16.90
17.46
17.46
17.46
17.94
17.94
17.94
18.41
18.41
18.41
18.85
18.85
18.85
19.31
19.31
19.31
19.66
19.66
19.66
20.15
20.15
20.15
20.47
20.47
20.47
20.54
20.54
20.54
20.71
20.71
20.71
20.89
20.89
20.89
20.95
20.95
20.95
21.02
21.02
21.02
21.12
21.12
21.12
21.25
21.25
21.25
21.18
21.18
21.18
20.93
20.93
20.93
20.76
20.76
20.76
20.42
20.42
20.42
20.54
20.54
20.54
20.56
20.56
20.56
20.38
20.38
20.38
20.54
20.54
20.54
20.80
20.80
20.80
20.93
20.93
20.93
20.99
20.99
20.99
21.04
21.04
21.04
21.18
21.18
21.18
21.25
21.25
21.25
21.65
21.65
21.65
21.83
21.83
21.83
21.57
21.57
21.57
21.49
21.49
21.49
21.18
21.18
21.18
20.93
20.93
20.93
20.97
20.97
20.97
20.99
20.99
20.99
20.78
20.78
20.78
20.69
20.69
20.69
20.69
20.69
20.69
20.49
20.49
20.49
20.33
20.33
20.33
20.36
20.36
20.36
20.12
20.12
20.12
20.34
20.34
20.34
20.71
20.71
20.71
20.97
20.97
20.97
21.08
21.08
21.08
20.61
20.61
20.61
20.06
20.06
20.06
19.46
19.46
19.46
18.53
18.53
18.53
17.41
17.41
17.41
14.10
14.10
14.93
14.93
14.27
14.27
14.14
14.14
14.82
14.82
14.86
14.86
14.54
14.54
14.50
14.50
15.36
15.36
15.55
15.55
15.39
15.39
15.36
15.36
15.33
15.33
15.47
15.47
15.61
15.61
15.61
15.67
15.67
15.67
15.63
15.63
15.63
15.61
15.61
15.61
15.40
15.40
15.08
15.08
14.75
14.75
15.11
15.11
15.82
15.82
15.82
16.44
16.44
16.44
16.91
16.91
16.91
16.78
16.78
16.78
16.55
16.55
16.55
16.99
16.99
16.99
17.55
17.55
17.55
17.13
17.13
17.13
17.38
17.38
17.38
18.13
18.13
18.13
16.91
16.91
16.91
16.39
16.39
16.39
16.02
16.02
16.02
16.05
16.05
16.05
16.68
16.68
16.68
17.14
17.14
17.14
16.65
16.65
16.65
16.20
16.20
16.20
15.46
15.46
15.88
15.88
15.88
16.05
16.05
16.05
15.02
15.02
14.50
14.50
14.09
14.09
14.29
14.29
15.14
15.14
16.00
16.00
16.00
16.76
16.76
16.76
16.51
16.51
16.51
15.69
15.69
15.69
12.98
12.98
12.49
12.49
12.25
12.25
11.75
11.75
11.21
11.21
10.84
10.84
10.02
10.50
10.50
10.31
10.31
10.21
10.32
10.32
10.46
10.46
10.23
10.09
10.14
10.05
10.04
10.36
10.36
10.32
10.32
10.26
10.35
10.35
10.35
10.35
10.48
10.48
10.46
10.46
10.66
10.66
11.61
11.61
12.31
12.31
13.21
13.21
13.50
13.50
14.43
14.43
15.02
15.02
15.88
15.88
15.88
16.70
16.70
16.70
17.25
17.25
17.25
17.69
17.69
17.69
18.13
18.13
18.13
17.75
17.75
17.75
17.63
17.63
17.63
18.31
18.31
18.31
19.16
19.16
19.16
20.85
20.85
20.85
22.53
22.53
22.53
23.34
23.34
23.34
23.46
23.46
23.46
23.46
24.22
24.22
24.22
24.22
24.75
24.75
24.75
24.75
25.29
25.29
25.29
25.29
25.63
25.63
25.63
25.63
25.58
25.58
25.58
25.58
25.44
25.44
25.44
25.44
25.42
25.42
25.42
25.42
25.29
25.29
25.29
25.29
25.01
25.01
25.01
25.01
24.75
24.75
24.75
24.75
24.45
24.45
24.45
24.45
24.53
24.53
24.53
24.53
25.13
25.13
25.13
25.13
25.52
25.52
25.52
25.52
25.63
25.63
25.63
25.63
25.37
25.37
25.37
25.37
24.67
24.67
24.67
24.67
23.65
23.65
23.65
23.65
22.36
22.36
22.36
20.72
20.72
20.72
19.08
19.08
19.08
16.94
16.94
16.94
14.21
14.21
12.48
12.48
11.18
9.91
0
0
0