0
0
5.58600
5.58600
5.58600
13.1980
13.1980
13.1980
13.1980
13.1980
15.6480
15.6480
15.6480
15.6480
15.6480
16.2920
16.2920
16.2920
16.2920
16.2920
16.9420
16.9420
16.9420
16.9420
16.9420
17.5580
17.5580
17.5580
17.5580
17.5580
17.6400
17.6400
17.6400
17.6400
17.6400
18.5960
18.5960
18.5960
18.5960
18.5960
19.2020
19.2020
19.2020
19.2020
19.2020
19.0520
19.0520
19.0520
19.0520
19.0520
19.3980
19.3980
19.3980
19.3980
19.3980
20.0720
20.0720
20.0720
20.0720
20.0720
20.4640
20.4640
20.4640
20.4640
20.4640
20.6060
20.6060
20.6060
20.6060
20.6060
20.3640
20.3640
20.3640
20.3640
20.3640
19.8460
19.8460
19.8460
19.8460
19.8460
20.3400
20.3400
20.3400
20.3400
20.3400
20.6940
20.6940
20.6940
20.6940
20.6940
20.6340
20.6340
20.6340
20.6340
20.6340
20.5520
20.5520
20.5520
20.5520
20.5520
20.4700
20.4700
20.4700
20.4700
20.4700
20.6940
20.6940
20.6940
20.6940
20.6940
21.0400
21.0400
21.0400
21.0400
21.0400
21.1360
21.1360
21.1360
21.1360
21.1360
21.3460
21.3460
21.3460
21.3460
21.3460
21.3380
21.3380
21.3380
21.3380
21.3380
21.3820
21.3820
21.3820
21.3820
21.3820
21.4380
21.4380
21.4380
21.4380
21.4380
21.3780
21.3780
21.3780
21.3780
21.3780
21.3260
21.3260
21.3260
21.3260
21.3260
21.3340
21.3340
21.3340
21.3340
21.3340
21.4340
21.4340
21.4340
21.4340
21.4340
21.4820
21.4820
21.4820
21.4820
21.4820
21.8840
21.8840
21.8840
21.8840
21.8840
22.1020
22.1020
22.1020
22.1020
22.1020
21.7080
21.7080
21.7080
21.7080
21.7080
21.5780
21.5780
21.5780
21.5780
21.5780
21.3940
21.3940
21.3940
21.3940
21.3940
21.0300
21.0300
21.0300
21.0300
21.0300
21.0800
21.0800
21.0800
21.0800
21.0800
21.2860
21.2860
21.2860
21.2860
21.2860
21.0980
21.0980
21.0980
21.0980
21.0980
20.6520
20.6520
20.6520
20.6520
20.6520
21.1420
21.1420
21.1420
21.1420
21.1420
22.6520
22.6520
22.6520
22.6520
22.6520
23.9800
23.9800
23.9800
23.9800
23.9800
24.1240
24.1240
24.1240
24.1240
24.1240
23.7880
23.7880
23.7880
23.7880
23.7880
23.5160
23.5160
23.5160
23.5160
23.5160
20.9120
20.9120
20.9120
20.9120
20.9120
13.5340
13.5340
13.5340
10.5340
10.5340
13.7140
13.7140
13.7140
13.7140
13.7140
16.6220
16.6220
16.6220
16.6220
16.6220
18.3380
18.3380
18.3380
18.3380
18.3380
19.4060
19.4060
19.4060
19.4060
19.4060
19.6460
19.6460
19.6460
19.6460
19.6460
19.4420
19.4420
19.4420
19.4420
19.4420
18.9680
18.9680
18.9680
18.9680
18.9680
16.4800
16.4800
16.4800
16.4800
16.4800
16.4280
16.4280
16.4280
16.4280
16.4280
15.7880
12.7880
15.7880
15.7880
15.7880
17.6820
17.6820
17.6820
17.6820
17.6820
18.7040
18.7040
18.7040
18.7040
18.7040
18.9240
18.9240
18.9240
18.9240
18.9240
19.3900
19.3900
19.3900
19.3900
19.3900
19.7000
19.7000
19.7000
19.7000
19.7000
20.4520
20.4520
20.4520
20.4520
20.4520
20.6740
20.6740
20.6740
20.6740
20.6740
20.8000
20.8000
20.8000
20.8000
20.8000
20.8820
20.8820
20.8820
20.8820
20.8820
20.3520
20.3520
20.3520
20.3520
20.3520
20.3520
20.3520
19.1980
19.1980
19.1980
19.1980
19.1980
19.1980
17.1860
17.1860
17.1860
17.1860
17.1860
17.1860
16.0140
16.0140
16.0140
16.0140
16.0140
13.8220
13.8220
13.8220
12.8220
12.8220
15.2980
15.2980
15.2980
15.2980
15.2980
18.3220
18.3220
18.3220
18.3220
18.3220
20.2900
20.2900
20.2900
20.2900
20.2900
20.7960
20.7960
20.7960
20.8040
20.8040
20.8040
20.9300
20.9300
20.9300
20.9300
20.9300
20.7160
20.7160
20.7160
20.7160
20.7160
20.8500
20.8500
20.8500
20.8500
20.8500
21.1000
21.1000
21.1000
21.1000
21.1000
21.0620
21.0620
21.0620
21.0620
21.0620
21.1560
21.1560
21.1560
21.1560
21.1560
21.2580
21.2580
21.2580
21.2580
21.2580
21.3000
21.3000
21.3000
21.3000
21.3000
21.1440
21.1440
21.1440
21.1440
21.1440
21.0140
21.0140
21.0140
21.0140
21.0140
20.9840
20.9840
20.9840
20.9840
20.9840
20.8940
20.8940
20.8940
20.8940
20.8940
21.0600
21.0600
21.0600
21.0600
21.0600
21.8180
21.8180
21.8180
21.8180
21.8180
21.5980
21.5980
21.5980
21.5980
21.5980
20.7660
20.7660
20.7660
20.7660
20.7660
20.4200
20.4200
20.4200
20.4200
20.4200
20.4460
20.4460
20.4460
20.4460
20.4460
20.9660
20.9660
20.9660
20.9660
20.9660
20.9320
20.9320
20.9320
20.9320
20.9320
20.4600
20.4600
20.4600
20.4600
20.4600
20.4300
20.4300
20.4300
20.4300
20.4300
20.4780
20.4780
20.4780
20.4780
20.4780
20.1300
20.1300
20.1300
20.1300
20.1300
19.7420
19.7420
19.7420
19.7420
19.7420
20.3720
20.3720
20.3720
20.3720
20.3720
20.3360
20.3360
20.3360
20.3360
20.3360
20.1660
20.1660
20.1660
20.1660
20.1660
19.9660
19.9660
19.9660
19.9660
19.9660
20.0420
20.0420
20.0420
20.0420
20.0420
20.1440
20.1440
20.1440
20.1440
20.1440
20.1900
20.1900
20.1900
20.1900
20.1900
20.2540
20.2540
20.2540
20.2540
20.2540
20.4560
20.4560
20.4560
20.4560
20.4560
20.4020
20.4020
20.4020
20.4020
20.4020
20.7140
20.7140
20.7140
20.7140
20.7140
20.9440
20.9440
20.9440
20.9440
20.9440
20.5420
20.5420
20.5420
20.5420
20.5420
20.4220
20.4220
20.4220
20.4220
20.4220
19.9620
19.9620
19.9620
19.9620
19.9620
20.1320
20.1320
20.1320
20.1320
20.1320
20.7160
20.7160
20.7160
20.7160
20.7160
20.6440
20.6440
20.6440
20.6440
20.6440
20.5300
20.5300
20.5300
20.5300
20.5300
20.7820
20.7820
20.7820
20.7820
20.7820
20.9140
20.9140
20.9140
20.9140
20.9140
20.8520
20.8520
20.8520
20.8520
20.8520
20.8080
20.8080
20.8080
20.8080
20.8080
21.0740
21.0740
21.0740
21.0740
21.0740
21.1940
21.1940
21.1940
21.1940
21.1940
21.3140
21.3140
21.3140
21.3140
21.3140
21.0920
21.0920
21.0920
21.0920
21.0920
20.8580
20.8580
20.8580
20.8580
20.8580
20.9840
20.9840
20.9840
20.9840
20.9840
20.7700
20.7700
20.7700
20.7700
20.7700
20.4400
20.4400
20.4400
20.4400
20.4400
19.8280
19.8280
19.8280
19.8280
19.8280
20.1960
20.1960
20.1960
20.1960
20.1960
20.8940
20.8940
20.8940
20.8940
20.8940
21.2620
21.2620
21.2620
21.2620
21.2620
21.4620
21.4620
21.4620
21.4620
21.4620
21.5340
21.5340
21.5340
21.5340
21.5340
21.4980
21.4980
21.4980
21.4980
21.4980
20.4660
20.4660
20.4660
20.4660
20.4660
19.4720
19.4720
19.4720
19.4720
19.4720
18.5020
18.5020
18.5020
18.5020
18.5020
16.9040
16.9040
16.9040
16.9040
16.9040
12.3100
12.3100
12.3100
12.3100
12.3100
7.67800
7.67800
7.67800
7.67800
7.67800
0
0
0
0
7.67800
7.67800
13.7700
15.7660
15.7660
15.7660
15.7660
15.7660
16.4960
16.4960
16.4960
16.4960
16.4960
17.1240
17.1240
17.1240
17.1240
17.1240
17.9380
17.9380
17.9380
18.6740
18.6740
18.6740
18.6740
18.6740
19.4500
19.4500
19.4500
19.4500
19.4500
20.1160
20.1160
20.1160
20.1160
20.1160
20.5120
20.5120
20.5120
20.5120
20.5120
20.7820
20.7820
20.7820
20.7820
20.7820
20.9520
20.9520
20.9520
20.9520
20.9520
21.0800
21.0800
21.0800
21.0800
21.0800
21.2220
21.2220
21.2220
21.2220
21.2220
20.9460
20.9460
20.9460
20.9460
20.9460
20.5560
20.5560
20.5560
20.5560
20.5560
20.5480
20.5480
20.5480
20.5480
20.5480
20.4480
20.4480
20.4480
20.4480
20.4480
20.6960
20.6960
20.6960
20.6960
20.6960
20.9540
20.9540
20.9540
20.9540
20.9540
21.0580
21.0580
21.0580
21.0580
21.0580
21.2220
21.2220
21.2220
21.2220
21.2220
21.7220
21.7220
21.7220
21.7220
21.7220
21.6060
21.6060
21.6060
21.6060
21.6060
21.3040
21.3040
21.3040
21.3040
21.3040
20.9460
20.9460
20.9460
20.9460
20.9460
20.9440
20.9440
20.9440
20.9440
20.9440
20.7260
20.7260
20.7260
20.7260
20.7260
20.6100
20.6100
20.6100
20.6100
20.6100
20.3680
20.3680
20.3680
20.3680
20.3680
20.2160
20.2160
20.2160
20.2160
20.2160
20.4880
20.4880
20.4880
20.4880
20.4880
20.9400
20.9400
20.9400
20.9400
20.9400
20.7980
20.7980
20.7980
20.7980
20.7980
19.8200
19.8200
19.8200
19.8200
19.8200
18.4920
18.4920
18.4920
18.4920
18.4920
15.5900
15.5900
15.5900
15.5900
15.5900
14.3500
14.3500
14.3500
14.3500
14.3500
14.7800
14.7800
14.7800
14.7800
14.7800
14.8520
14.8520
14.8520
14.8520
14.8520
15.4480
15.4480
15.4480
15.4480
15.4480
15.3920
15.3920
15.3920
15.3920
15.3920
15.6340
15.6340
15.6340
15.6340
15.6340
15.6340
15.6340
15.6340
15.6340
15.6340
15.4200
15.4200
15.4200
15.4200
15.4200
14.9600
14.9600
14.9600
14.9600
14.9600
16.0680
16.0680
16.0680
16.0680
16.0680
16.7900
16.7900
16.7900
16.7900
16.7900
16.6420
16.6420
16.6420
16.6420
16.6420
17.2140
17.2140
17.2140
17.2140
17.2140
17.2640
17.2640
17.2640
17.2640
17.2640
17.8300
17.8300
17.8300
17.8300
17.8300
16.7020
16.7020
16.7020
16.7020
16.7020
16.1000
16.1000
16.1000
16.1000
16.1000
16.4280
16.4280
16.4280
16.4280
16.4280
16.9440
16.9440
16.9440
16.9440
16.9440
16.1420
16.1420
16.1420
16.1420
16.1420
15.8300
15.8300
15.8300
15.8300
15.8300
15.3280
15.3280
15.3280
15.3280
15.3280
14.2520
14.2520
14.2520
14.2520
14.2520
15.6560
15.6560
15.6560
15.6560
15.6560
16.6600
16.6600
16.6600
16.6600
16.6600
15.3120
15.3120
15.3120
15.3120
15.3120
12.4920
12.4920
12.4920
12.4920
12.4920
11.3520
11.3520
11.3520
11.3520
11.3520
10.4340
10.4340
10.4340
10.4340
10.4340
10.3240
10.3240
10.3240
10.3240
10.3240
10.1940
10.1940
10.1940
10.1940
10.1940
10.2800
10.2800
10.2800
10.2800
10.2800
10.3200
10.3200
10.3200
10.3200
10.3200
10.3200
10.3200
10.5080
10.5080
10.5080
10.5080
10.5080
11.7000
11.7000
11.7000
11.7000
11.7000
13.5700
13.5700
13.5700
13.5700
13.5700
15.2460
15.2460
15.2460
15.2460
15.2460
16.6460
16.6460
16.6460
16.6460
16.6460
17.5140
17.5140
17.5140
17.5140
17.5140
17.9780
17.9780
17.9780
17.9780
17.9780
17.7900
17.7900
17.7900
17.7900
17.7900
18.8200
18.8200
18.8200
18.8200
18.8200
21.5220
21.5220
21.5220
21.5220
21.5220
23.2020
23.2020
23.2020
23.2020
23.2020
23.7640
23.7640
23.7640
23.7640
23.7640
24.5380
24.5380
24.5380
24.5380
24.5380
25.1820
25.1820
25.1820
25.1820
25.1820
25.6200
25.6200
25.6200
25.6200
25.6200
25.5240
25.5240
25.5240
25.4280
25.4280
25.4280
25.4280
25.4280
25.3160
25.3160
25.3160
25.3160
25.3160
24.9580
24.9580
24.9580
24.9580
24.9580
24.6300
24.6300
24.6300
24.6300
24.6300
24.4980
24.4980
24.4980
24.4980
24.4980
25.0100
25.0100
25.0100
25.0100
25.0100
25.5420
25.5420
25.5420
25.5420
25.5420
25.5260
25.5260
25.5260
25.5260
25.5260
24.9500
24.9500
24.9500
24.9500
24.9500
23.8540
23.8540
23.8540
23.8540
23.8540
21.7040
21.7040
21.7040
21.7040
21.7040
21.7040
21.7040
18.9800
18.9800
18.9800
18.9800
18.9800
18.9800
14.9560
14.9560
14.9560
14.9560
14.9560
10.4100
3.4100
0