19.518790   51.819460   258.00
19.518810   51.819460   258.00
19.519780   51.823370   249.00
19.519800   51.823440   249.00
19.519830   51.823500   248.00
19.519880   51.823580   248.00
19.520420   51.823580   249.00
19.520600   51.823550   249.00
19.520810   51.823530   249.00
19.521160   51.823480   250.00
19.521630   51.823420   250.00
19.521860   51.823390   251.00
19.522020   51.823370   251.00
19.522070   51.823360   251.00
19.522470   51.823330   252.00
19.522740   51.823320   252.00
19.523090   51.823290   253.00
19.523140   51.823290   253.00
19.523350   51.823270   254.00
19.523700   51.823250   255.00
19.523790   51.823240   255.00
19.524620   51.823150   256.00
19.524740   51.823140   256.00
19.525130   51.823100   257.00
19.525500   51.823050   258.00
19.527370   51.822900   260.00
19.530270   51.822620   261.00
19.530590   51.822600   261.00
19.531180   51.822570   261.00
19.531640   51.822540   261.00
19.531980   51.822520   261.00
19.532350   51.822500   262.00
19.532740   51.822490   262.00
19.533160   51.822470   262.00
19.533630   51.822460   263.00
19.534030   51.822450   263.00
19.534390   51.822430   263.00
19.534730   51.822410   263.00
19.534920   51.822400   262.00
19.535050   51.822400   262.00
19.535360   51.822390   262.00
19.535570   51.822390   262.00
19.535770   51.822390   261.00
19.535940   51.822390   261.00
19.536070   51.822410   261.00
19.536210   51.822440   261.00
19.536360   51.822490   261.00
19.536470   51.822530   261.00
19.536590   51.822580   261.00
19.536820   51.822690   260.00
19.537160   51.822850   258.00
19.538540   51.823570   254.00
19.538780   51.823690   253.00
19.540500   51.824560   247.00
19.540790   51.824700   245.00
19.541370   51.825000   244.00
19.542100   51.825370   244.00
19.542390   51.825520   243.00
19.542600   51.825640   243.00
19.542700   51.825700   243.00
19.542790   51.825770   242.00
19.542860   51.825840   242.00
19.542910   51.825930   242.00
19.542930   51.826010   241.00
19.542950   51.826090   241.00
19.543000   51.826480   240.00
19.543040   51.826780   239.00
19.543100   51.827110   238.00
19.543150   51.827410   237.00
19.543210   51.827730   237.00
19.543280   51.827980   236.00
19.543310   51.828160   236.00
19.543320   51.828200   236.00
19.543960   51.828140   236.00
19.544610   51.828100   236.00
19.545260   51.828080   235.00
19.545910   51.828080   234.00
19.546320   51.828080   233.00
19.546570   51.828090   233.00
19.546970   51.828110   232.00
19.547210   51.828120   232.00
19.547870   51.828170   231.00
19.548490   51.828230   230.00
19.550210   51.828420   226.00
19.553800   51.828810   219.00
19.554430   51.828880   219.00
19.554710   51.828890   218.00
19.554830   51.828880   218.00
19.554850   51.828930   218.00
19.554840   51.828970   218.00
19.554780   51.829120   217.00
19.554730   51.829290   216.00
19.554890   51.829350   216.00
19.555130   51.829430   215.00
19.555290   51.829500   214.00
19.555480   51.829600   214.00
19.555650   51.829710   213.00
19.555750   51.829780   213.00
19.555810   51.829800   212.00
19.555870   51.829810   212.00
19.556060   51.829840   212.00
19.556440   51.829870   212.00
19.556810   51.829910   211.00
19.556890   51.829930   211.00
19.556950   51.829960   211.00
19.556980   51.829990   211.00
19.556990   51.830010   211.00
19.557000   51.830040   210.00
19.556990   51.830070   210.00
19.556970   51.830310   210.00
19.556970   51.830380   210.00
19.556980   51.830450   210.00
19.557000   51.830500   210.00
19.557030   51.830540   210.00
19.557070   51.830600   210.00
19.557190   51.830770   210.00
19.557490   51.831350   212.00
19.557800   51.831690   212.00
19.558450   51.832540   213.00
19.558480   51.832570   213.00
19.558530   51.832590   213.00
19.558870   51.832640   214.00
19.559610   51.832720   218.00
19.560060   51.832760   220.00
19.560370   51.832800   221.00
19.560630   51.832800   222.00
19.561140   51.832760   223.00
19.561990   51.832620   225.00
19.562070   51.832750   226.00
19.562470   51.833440   220.00
19.562670   51.833790   218.00
19.562890   51.834150   215.00
19.563340   51.834860   208.00
19.563390   51.834960   208.00
19.563470   51.835010   207.00
19.563640   51.835030   206.00
19.563980   51.835030   205.00
19.564130   51.835100   204.00
19.564210   51.835710   200.00
19.564240   51.835950   199.00
19.564280   51.836160   197.00
19.564290   51.836320   197.00
19.564320   51.836380   197.00
19.564450   51.836430   197.00
19.564850   51.836560   197.00
19.565640   51.836840   196.00
19.566100   51.836990   197.00
19.566630   51.837210   198.00
19.568410   51.837750   198.00
19.569070   51.837830   196.00
19.569520   51.837870   195.00
19.570080   51.837920   195.00
19.570530   51.837930   194.00
19.570560   51.837930   194.00
19.570530   51.837930   194.00
19.570560   51.837930   194.00
19.570530   51.837930   194.00
19.570560   51.837930   194.00
19.570530   51.837930   194.00