232.06250   0.00
232.12500   0.13
232.50000   8.95
232.31250   10.21
232.18750   11.61
232.18750   11.61
232.43750   13.38
232.43750   13.38
232.62500   14.82
232.62500   14.82
232.50000   15.83
232.50000   15.83
232.31250   15.83
232.31250   16.46
232.50000   16.46
232.50000   16.46
232.18750   16.64
232.18750   16.64
233.12500   16.64
233.12500   17.49
233.06250   17.49
233.06250   17.49
233.06250   18.55
233.00000   18.55
233.00000   18.55
233.25000   19.44
233.25000   19.44
233.25000   19.44
232.87500   20.08
232.87500   20.08
232.62500   20.08
232.62500   20.54
232.62500   20.54
233.12500   20.54
233.12500   20.84
232.56250   20.84
232.56250   20.84
232.56250   20.87
232.68750   20.87
232.68750   20.87
232.68750   20.72
232.93750   20.72
232.93750   20.72
233.06250   20.69
233.06250   20.69
233.06250   20.69
233.18750   20.82
233.18750   20.82
233.37500   20.82
233.37500   20.60
233.37500   20.60
233.68750   20.60
233.68750   20.45
233.75000   20.45
233.75000   20.45
233.75000   20.34
233.68750   20.34
233.68750   20.34
233.68750   20.58
233.50000   20.58
233.50000   20.58
233.31250   20.99
233.31250   20.99
233.31250   20.99
233.18750   21.43
233.18750   21.43
233.18750   21.43
232.81250   21.87
232.81250   21.87
233.18750   21.87
233.18750   22.02
233.18750   22.02
233.00000   22.02
233.00000   22.10
233.00000   22.10
233.06250   22.10
233.06250   22.23
233.06250   22.23
233.06250   22.23
233.06250   22.19
233.06250   22.19
233.06250   22.19
233.06250   22.34
233.25000   22.34
233.25000   22.34
233.25000   22.25
233.50000   22.25
233.50000   22.25
233.50000   22.17
233.12500   22.17
233.12500   22.17
233.18750   22.12
233.18750   22.12
233.18750   22.12
233.31250   21.94
233.31250   21.94
233.31250   21.94
233.62500   21.98
233.62500   21.98
233.62500   21.98
233.50000   21.79
233.50000   21.79
233.50000   21.79
233.50000   21.83
233.50000   21.83
233.93750   21.83
233.93750   22.02
233.93750   22.02
233.68750   22.02
233.68750   21.89
233.68750   21.89
234.06250   21.89
234.06250   21.96
233.50000   21.96
233.50000   21.96
233.50000   21.92
233.75000   21.92
233.75000   21.92
233.75000   21.79
233.93750   21.79
233.93750   21.79
234.50000   21.65
234.50000   21.65
234.50000   21.65
234.12500   21.53
234.12500   21.53
234.12500   21.53
234.37500   21.37
234.37500   21.37
234.37500   21.37
234.37500   21.39
234.37500   21.39
235.00000   21.39
235.00000   21.45
235.00000   21.45
235.00000   21.45
235.00000   21.37
235.00000   21.37
234.87500   21.37
234.87500   21.29
234.50000   21.29
234.50000   21.29
234.50000   21.45
234.50000   21.45
234.50000   21.45
234.50000   21.57
234.62500   21.57
234.62500   21.57
234.87500   21.22
234.87500   21.22
234.87500   21.22
234.93750   20.84
234.93750   20.84
234.93750   20.84
234.75000   20.69
234.75000   20.69
234.87500   20.69
234.87500   20.60
234.87500   20.60
234.62500   20.60
234.62500   20.76
234.75000   20.76
234.75000   20.76
234.75000   21.10
234.75000   21.10
234.75000   21.10
234.75000   21.16
234.62500   21.16
234.62500   21.16
234.56250   21.18
234.56250   21.18
234.56250   21.18
234.75000   21.18
234.75000   21.18
234.75000   21.18
235.00000   21.27
235.00000   21.27
234.87500   21.27
234.87500   21.55
234.87500   21.55
235.00000   21.55
235.00000   21.71
235.00000   21.71
235.06250   21.71
235.06250   21.53
235.37500   21.53
235.37500   21.53
235.37500   21.22
235.00000   21.22
235.00000   21.22
235.00000   21.04
235.50000   21.04
235.50000   21.04
235.25000   21.14
235.25000   21.14
235.25000   21.14
235.18750   21.18
235.18750   21.18
235.18750   21.18
235.37500   21.04
235.37500   21.04
235.81250   21.04
235.81250   20.47
235.81250   20.47
236.00000   20.47
236.00000   19.99
236.25000   19.99
236.25000   19.99
236.25000   19.82
236.25000   19.82
236.25000   19.82
236.00000   19.64
236.00000   19.64
236.00000   19.64
236.00000   18.80
236.00000   18.80
235.87500   18.80
235.87500   17.33
236.18750   17.33
236.18750   17.33
236.43750   16.12
236.43750   16.12
237.00000   16.12
237.18750   13.59
237.18750   13.59
237.31250   12.96
237.31250   12.96
238.00000   12.73
238.25000   12.73
238.25000   13.39
238.56250   13.39
238.56250   13.68
238.93750   13.68
239.50000   13.31
239.50000   13.31
239.93750   12.83
240.06250   12.83
240.06250   12.37
240.31250   12.37
240.37500   11.78
240.37500   11.78
240.25000   12.27
240.25000   12.27
240.75000   12.82
240.93750   12.82
240.93750   12.72
240.81250   12.72
241.00000   12.65
241.00000   12.65
241.06250   12.68
241.06250   12.68
241.25000   12.70
241.37500   12.70
241.37500   12.49
241.25000   12.49
241.62500   12.64
241.62500   12.64
241.81250   12.54
241.68750   12.54
241.68750   12.58
242.00000   12.58
242.12500   12.34
242.12500   12.34
242.43750   13.54
242.43750   13.54
242.75000   15.24
242.75000   15.24
242.87500   16.37
242.87500   16.37
242.87500   16.37
242.87500   16.21
242.75000   16.21
242.75000   16.21
242.62500   15.61
242.62500   15.61
242.62500   15.61
242.62500   15.21
242.37500   15.21
242.37500   14.85
242.93750   14.85
242.87500   14.56
242.87500   14.56
242.75000   14.54
242.75000   14.54
243.00000   14.61
243.00000   14.61
243.18750   14.22
243.18750   14.22
243.06250   13.23
243.43750   13.23
243.43750   12.05
243.93750   12.05
243.50000   11.57
243.50000   11.57
243.68750   11.51
243.87500   11.51
243.87500   11.76
243.75000   11.76
244.56250   11.61
244.68750   11.61
244.68750   10.98
244.68750   10.98
245.56250   10.79
245.37500   10.79
245.37500   10.86
245.68750   10.86
246.25000   10.90
246.25000   10.90
246.50000   11.32
246.56250   11.32
247.25000   11.31
247.25000   11.31
247.31250   11.54
247.25000   11.54
247.25000   10.99
247.87500   10.99
248.12500   10.78
248.81250   10.78
248.81250   10.80
249.43750   10.80
249.00000   10.92
250.06250   10.92
250.06250   10.58
250.06250   10.58
250.18750   10.38
250.43750   10.38
250.43750   10.23
250.68750   10.60
250.68750   10.60
250.93750   10.96
250.93750   10.96
250.68750   10.21
251.18750   8.61
251.50000   7.77
251.00000   8.46
251.00000   8.99
251.18750   9.24
251.50000   9.52
251.62500   9.75
251.62500   10.13
251.50000   11.08
252.31250   11.08
252.25000   10.04
252.25000   10.01
252.62500   10.17
252.62500   10.17
252.62500   9.87
252.93750   9.64
253.18750   9.53
253.18750   9.77
253.75000   9.76
253.87500   9.82
253.81250   9.93
253.93750   10.19
253.93750   10.33
254.43750   10.33
254.50000   10.21
254.37500   9.78
254.81250   9.60
254.81250   9.51
254.18750   9.93
254.75000   10.08
254.87500   9.92
255.12500   10.13
255.12500   10.50
255.43750   10.50
255.68750   10.34
255.68750   10.34
255.68750   10.49
255.81250   10.49
256.18750   10.49
256.00000   10.49
255.93750   10.14
255.93750   10.15
256.18750   10.26
256.68750   10.51
256.56250   10.51
256.56250   9.96
256.75000   9.85
257.25000   9.95
257.12500   10.43
257.75000   10.43
257.75000   10.88
258.12500   10.88
258.68750   10.71
258.81250   10.71
258.81250   11.00
258.87500   11.00
258.75000   11.15
258.75000   11.15
259.00000   10.34
259.12500   10.34
259.25000   10.07
259.75000   9.78
259.75000   10.18
259.75000   10.70
259.93750   10.70
260.18750   10.18
260.43750   8.93
260.81250   8.53
260.43750   7.55
261.37500   8.78
261.68750   8.47
261.68750   8.23
261.18750   8.74
261.12500   8.54
262.25000   8.32
262.00000   8.01
262.68750   7.84
262.62500   7.67
263.06250   7.55
263.56250   7.44
263.93750   7.62
264.25000   8.11
264.12500   8.38
264.43750   8.24
264.81250   8.12
264.62500   8.28
264.62500   8.20
265.37500   8.42
265.06250   8.82
265.87500   9.67
265.62500   10.63
265.62500   10.63
266.18750   10.15
266.18750   9.22
266.43750   10.15
267.00000   11.68
267.00000   11.68
266.50000   12.50
266.75000   12.50
266.75000   12.22
267.00000   12.22
267.00000   11.84
267.00000   11.84
266.68750   10.78
266.62500   10.78
266.75000   9.45
267.25000   9.60
267.25000   11.61
266.93750   11.61
266.93750   13.67
266.81250   13.67
266.62500   14.68
266.62500   14.68
267.18750   15.58
267.18750   15.58
266.37500   15.58
266.37500   17.05
266.37500   17.05
266.31250   17.05
266.31250   17.97
266.37500   17.97
266.37500   17.97
266.50000   18.63
266.50000   18.63
266.50000   18.63
266.81250   19.49
266.81250   19.49
266.37500   19.49
266.37500   20.12
266.37500   20.12
266.37500   20.12
266.37500   20.61
266.18750   20.61
266.18750   20.61
266.18750   21.55
266.06250   21.55
266.06250   21.55
266.06250   22.17
265.87500   22.17
265.87500   22.17
265.25000   22.73
265.25000   22.73
265.25000   22.73
265.25000   23.49
265.75000   23.49
265.75000   23.49
265.75000   23.49
265.43750   24.09
265.43750   24.09
265.43750   24.09
264.93750   24.09
264.93750   24.97
264.93750   24.97
264.93750   24.97
264.93750   24.97
264.93750   25.58
264.43750   25.58
264.43750   25.58
264.43750   25.58
264.00000   26.03
264.00000   26.03
264.00000   26.03
264.00000   26.03
263.93750   26.30
263.93750   26.30
263.93750   26.30
263.50000   26.30
263.50000   26.68
263.50000   26.68
263.56250   26.68
263.56250   26.68
263.56250   27.27
263.56250   27.27
262.75000   27.27
262.75000   27.27
262.75000   28.34
262.56250   28.34
262.56250   28.34
262.56250   28.34
262.56250   29.47
262.12500   29.47
262.12500   29.47
262.12500   29.47
262.12500   30.28
261.31250   30.28
261.31250   30.28
261.31250   30.28
261.06250   30.91
261.06250   30.91
261.06250   30.91
261.06250   30.91
261.06250   31.35
259.68750   31.35
259.68750   31.35
259.68750   31.35
259.68750   31.35
259.43750   32.00
259.43750   32.00
259.43750   32.00
258.87500   32.00
258.87500   32.00
258.87500   30.76
258.87500   30.76
258.56250   30.76
258.56250   30.76
258.56250   29.67
258.56250   29.67
258.18750   29.67
258.18750   29.67
258.18750   27.78
257.25000   27.78
257.25000   27.78
257.25000   27.78
257.00000   24.85
257.00000   24.85
257.00000   24.85
257.00000   24.85
257.00000   24.69
257.00000   24.69
257.00000   24.69
256.25000   24.69
256.25000   26.41
256.25000   26.41
255.93750   26.41
255.93750   26.41
255.93750   28.13
255.93750   28.13
255.56250   28.13
255.56250   28.13
255.56250   29.47
255.25000   29.47
255.25000   29.47
255.25000   29.47
255.25000   30.10
255.37500   30.10
255.37500   30.10
255.37500   30.10
255.37500   29.90
254.81250   29.90
254.81250   29.90
254.81250   29.90
254.81250   29.84
254.81250   29.84
254.81250   29.84
254.81250   29.84
254.75000   29.67
254.75000   29.67
254.75000   29.67
254.75000   29.67
254.50000   29.30
254.50000   29.30
254.50000   29.30
254.50000   29.30
254.68750   28.63
254.68750   28.63
254.68750   28.63
254.93750   28.63
254.93750   27.10
254.93750   27.10
254.43750   27.10
254.43750   27.10
254.43750   25.77
254.81250   25.77
254.81250   25.77
254.81250   25.77
254.81250   24.43
254.81250   24.43
254.81250   24.43
255.12500   24.43
255.12500   23.80
255.12500   23.80
254.87500   23.80
254.87500   23.80
254.87500   23.67
255.06250   23.67
255.06250   23.67
255.06250   23.67
255.06250   24.49
254.81250   24.49
254.81250   24.49
254.81250   24.49
254.31250   25.71
254.31250   25.71
254.31250   25.71
253.81250   25.71
253.81250   27.10
253.81250   27.10
253.81250   27.10
253.50000   27.10
253.50000   28.65
253.50000   28.65
252.75000   28.65
252.75000   28.65
252.75000   30.25
252.75000   30.25
252.50000   30.25
252.50000   30.25
252.50000   31.41
252.50000   31.41
251.75000   31.41
251.75000   31.41
251.75000   31.41
251.75000   32.27
251.56250   32.27
251.56250   32.27
251.56250   32.27
251.56250   32.27
250.87500   32.38
250.87500   32.38
250.87500   32.38
250.87500   32.38
250.93750   32.38
250.93750   31.67
250.93750   31.67
250.93750   31.67
251.18750   31.67
251.18750   31.67
251.18750   29.86
251.18750   29.86
251.18750   29.86
251.18750   29.86
251.18750   28.21
251.06250   28.21
251.06250   28.21
251.06250   28.21
250.93750   27.15
250.93750   27.15
250.93750   27.15
250.93750   27.15
250.93750   25.82
250.93750   25.82
250.93750   25.82
251.12500   25.82
251.12500   25.46
251.12500   25.46
250.93750   25.46
250.93750   25.46
250.93750   25.69
250.68750   25.69
250.68750   25.69
250.68750   25.69
250.81250   25.73
250.81250   25.73
250.81250   25.73
250.81250   25.73
250.93750   25.09
250.93750   25.09
250.93750   25.09
250.50000   25.09
250.50000   24.67
250.50000   24.67
251.12500   24.67
251.12500   24.67
251.12500   24.26
251.18750   24.26
251.18750   24.26
251.18750   24.26
251.31250   23.07
251.31250   23.07
251.31250   23.07
251.25000   21.83
251.25000   21.83
251.62500   21.83
251.62500   21.37
251.62500   21.37
251.06250   21.37
251.06250   19.46
251.56250   19.46
251.56250   19.46
251.43750   17.94
251.43750   17.94
251.43750   17.94
251.62500   17.58
251.62500   17.58
252.18750   17.58
252.18750   17.83
251.56250   17.83
251.56250   17.83
251.93750   19.12
251.93750   19.12
251.93750   19.12
252.25000   19.69
252.25000   19.69
251.87500   19.69
251.87500   19.93
251.87500   19.93
252.43750   19.93
252.43750   19.96
252.12500   19.96
252.12500   19.96
252.12500   20.05
252.37500   20.05
252.37500   20.05
252.68750   20.08
252.68750   20.08
252.75000   19.44
252.75000   19.44
252.62500   19.44
252.62500   19.11
252.62500   19.11
252.87500   19.11
252.87500   18.10
253.18750   18.10
253.18750   18.10
253.18750   17.78
253.18750   17.78
253.37500   17.78
253.37500   16.84
253.50000   16.84
253.50000   16.84
253.87500   16.59
253.87500   16.59
253.81250   16.59
253.81250   16.08
253.62500   16.08
253.62500   16.08
254.43750   16.13
254.43750   16.13
254.00000   16.13
254.00000   16.47
254.00000   16.47
254.25000   16.47
254.25000   16.58
254.68750   16.58
254.68750   16.58
254.43750   16.03
254.43750   16.03
255.00000   16.03
255.00000   15.79
255.06250   15.79
255.06250   15.79
255.06250   15.23
254.75000   15.23
254.75000   15.32
255.25000   15.32
255.25000   15.42
255.31250   15.42
255.31250   14.95
255.56250   14.95
255.56250   13.66
255.87500   13.66
256.00000   12.97
256.00000   12.97
256.12500   14.16
256.12500   14.16
256.43750   15.63
256.43750   15.63
256.25000   15.63
256.25000   15.78
256.43750   15.78
256.43750   15.78
256.87500   15.14
256.87500   15.14
256.56250   14.08
256.93750   14.08
256.93750   12.77
257.25000   12.77
257.25000   11.04
257.75000   11.04
257.25000   3.88
257.81250   5.90
257.87500   8.15
258.00000   8.55
258.00000   12.12
257.87500   12.12
257.87500   11.43
257.87500   11.43
258.00000   11.84
257.81250   11.84
257.81250   12.45
258.06250   12.45
258.06250   13.01
257.87500   13.01
258.18750   13.78
258.18750   13.78
258.25000   14.20
258.25000   14.20
258.68750   15.24
258.68750   15.24
258.37500   15.93
258.37500   15.93
258.75000   15.93
258.75000   16.28
258.43750   16.28
258.43750   16.28
258.68750   16.16
258.68750   16.16
258.68750   16.16
258.68750   16.85
259.06250   16.85
259.06250   16.85
259.06250   16.89
259.06250   16.89
259.06250   16.89
259.06250   16.71
259.00000   16.71
259.00000   16.71
259.00000   16.54
259.43750   16.54
259.43750   16.54
259.31250   16.31
259.31250   16.31
259.50000   16.31
259.50000   17.10
259.37500   17.10
259.37500   17.10
259.87500   17.46
259.87500   17.46
259.93750   17.46
259.93750   18.17
259.93750   18.17
260.62500   18.17
260.62500   18.10
260.87500   18.10
260.87500   18.10
260.31250   18.07
260.31250   18.07
260.93750   18.07
260.93750   17.78
260.81250   17.78
260.81250   17.78
260.81250   17.37
261.18750   17.37
261.31250   17.37
261.31250   17.25
261.31250   17.25
261.50000   17.25
261.50000   18.43
261.50000   18.43
261.50000   18.43
261.50000   18.00
261.75000   18.00
261.75000   18.00
262.12500   17.59
262.12500   17.59
262.25000   17.59
262.25000   17.53
262.18750   17.53
262.18750   17.53
262.31250   17.38
262.31250   17.38
262.31250   17.38
262.56250   17.03
262.56250   17.03
262.87500   17.03
262.87500   16.40
262.68750   16.40
262.68750   16.40
262.75000   15.13
263.12500   15.13
263.12500   14.08
263.50000   14.08
263.50000   13.95
263.81250   13.95
263.81250   13.68
264.00000   13.68
263.81250   13.22
263.81250   13.22
264.06250   12.99
264.06250   12.99
264.06250   13.09
264.81250   13.09
264.81250   12.87
264.62500   12.87
264.87500   12.78
264.87500   12.78
265.06250   12.86
265.06250   12.86
265.12500   12.93
265.43750   12.93
265.43750   12.98
265.37500   12.98
265.68750   13.14
265.68750   13.14
265.87500   13.26
265.87500   13.26
265.75000   13.12
266.18750   13.12
266.18750   12.76
266.18750   12.76
266.18750   12.82
266.18750   12.82
266.12500   13.25
266.12500   13.25
266.68750   12.97
266.31250   12.97
266.31250   13.04
266.37500   13.04
266.37500   13.06
266.62500   13.06
266.56250   13.21
266.56250   13.21
267.12500   13.24
267.12500   13.24
267.00000   13.06
267.31250   13.06
267.31250   12.67
267.12500   12.67
267.50000   12.46
267.50000   12.46
267.50000   12.33
267.87500   12.33
267.87500   12.20
268.00000   12.20
268.00000   12.70
267.93750   12.70
267.93750   13.17
267.93750   13.17
267.93750   13.06
267.93750   13.06
268.12500   12.92
268.25000   12.92
268.25000   12.92
268.75000   12.92
268.75000   12.72
268.75000   12.72
268.81250   12.46
268.68750   12.46
268.68750   12.34
269.18750   12.34
269.18750   12.34
269.18750   12.34
269.31250   12.34
269.31250   12.34
269.18750   12.21
269.62500   12.21
269.62500   12.29
269.62500   12.29
269.81250   12.35
269.81250   12.35
269.56250   12.64
270.25000   12.64
270.25000   12.51
270.12500   12.51
270.12500   12.67
270.56250   12.67
270.18750   13.30
270.18750   13.30
270.81250   13.56
270.81250   13.56
270.93750   13.39
271.25000   13.39
271.25000   13.22
271.25000   13.22
271.12500   13.02
271.12500   13.02
271.62500   12.97
271.62500   12.97
271.50000   12.93
272.18750   12.93
272.18750   12.65
271.87500   12.65
271.81250   12.37
271.81250   12.37
272.00000   12.33
272.00000   12.33
272.43750   12.35
272.37500   12.35
272.37500   12.65
272.31250   12.65
273.00000   12.84
273.00000   12.84
272.43750   12.90
272.43750   12.90
272.43750   12.72
272.43750   12.72
272.43750   12.66
273.31250   12.66
273.18750   12.56
273.18750   12.56
273.18750   12.72
273.56250   12.72
273.56250   12.68
273.68750   12.68
273.81250   12.28
273.81250   12.28
274.31250   12.24
274.31250   12.24
274.68750   12.68
274.25000   12.68
274.25000   12.76
274.50000   12.76
274.68750   12.41
274.68750   12.41
274.87500   12.59
274.87500   12.59
275.25000   12.62
275.31250   12.62
275.31250   12.58
275.75000   12.58
275.87500   12.46
275.87500   12.46
276.25000   12.55
275.62500   12.55
275.62500   12.70
276.00000   12.70
276.00000   12.99
276.43750   12.99
276.18750   12.90
276.18750   12.90
276.56250   12.57
276.37500   12.57
276.37500   12.18
276.56250   12.18
277.25000   12.14
277.25000   12.14
276.93750   12.49
276.93750   12.49
277.00000   12.78
277.37500   12.78
277.37500   13.21
277.25000   13.21
277.25000   13.21
277.25000   13.21
277.81250   13.12
277.81250   13.12
277.62500   13.07
277.75000   13.07
277.75000   13.31
277.81250   13.31
277.81250   13.71
277.93750   13.71
277.93750   13.93
277.93750   13.93
278.31250   14.02
278.31250   14.02
278.31250   14.05
278.31250   14.05
278.56250   14.09
278.56250   14.09
278.18750   13.77
278.43750   13.77
278.43750   13.73
278.50000   13.73
278.50000   13.99
278.37500   13.99
278.62500   14.21
278.62500   14.21
278.81250   14.69
278.81250   14.69
279.00000   15.17
279.00000   15.17
278.87500   15.38
278.87500   15.38
278.93750   15.53
278.93750   15.53
279.18750   15.49
279.18750   15.49
279.25000   15.18
279.25000   15.18
279.18750   15.12
279.18750   15.12
279.56250   15.18
279.56250   15.18
279.56250   15.30
279.56250   15.30
280.12500   15.35
280.12500   15.35
280.12500   15.61
280.37500   15.61
280.37500   15.61
280.37500   15.90
280.37500   15.90
280.68750   15.90
280.68750   15.75
280.81250   15.75
280.81250   15.75
281.31250   15.59
281.31250   15.59
281.00000   15.59
281.00000   15.62
281.31250   15.62
281.31250   15.62
281.75000   15.45
281.75000   15.45
281.50000   15.06
281.50000   15.06
281.93750   14.65
281.93750   15.32
282.06250   15.32
282.06250   15.32
282.06250   15.32
282.75000   11.56
282.75000   13.82
282.62500   13.82
282.62500   14.92
282.81250   14.92
282.81250   15.47
283.31250   15.47
283.31250   15.63
283.56250   15.63
283.56250   15.63
283.93750   15.64
283.93750   15.64
283.50000   15.64
283.50000   15.74
283.93750   15.74
283.93750   15.74
283.75000   15.77
283.75000   15.77
283.50000   15.77
283.50000   15.80
284.06250   15.80
284.06250   15.80
284.50000   15.82
284.50000   15.82
284.00000   15.82
284.00000   15.88
284.18750   15.88
284.18750   15.88
284.31250   16.15
284.31250   16.15
284.68750   16.15
284.68750   15.89
284.68750   15.89
284.68750   15.89
284.62500   15.67
284.62500   15.67
285.00000   15.67
285.25000   15.56
285.25000   15.56
285.12500   15.56
285.12500   15.35
285.43750   15.35
285.43750   14.53
284.81250   14.53
284.81250   13.18
284.87500   13.18
285.50000   9.26
285.50000   9.66
285.50000   10.67
285.50000   10.67
285.12500   12.13
284.81250   12.13
284.81250   13.63
284.81250   13.63
284.81250   15.70
285.25000   15.70
285.25000   15.70
285.25000   16.28
285.25000   16.28
285.25000   16.28
285.25000   17.29
285.12500   17.29
285.12500   17.29
285.12500   18.28
285.06250   18.28
285.06250   18.28
285.00000   18.88
285.00000   18.88
285.00000   18.88
284.37500   19.41
284.37500   19.41
284.25000   19.41
284.25000   19.82
284.25000   19.82
284.25000   19.82
284.25000   20.24
284.18750   20.24
284.18750   20.24
284.12500   20.38
284.12500   20.38
284.12500   20.38
283.81250   20.34
283.81250   20.34
283.81250   20.34
283.87500   20.22
283.87500   20.22
284.00000   20.22
284.00000   20.12
284.00000   20.12
283.87500   20.12
283.87500   19.98
283.62500   19.98
283.62500   19.98
283.62500   19.06
283.62500   19.06
283.62500   19.06
283.81250   17.97
283.81250   17.97
283.62500   17.97
283.62500   17.09
283.87500   17.09
283.87500   17.09
283.50000   16.77
283.50000   16.77
284.00000   16.77
284.00000   17.82
284.00000   17.82
283.75000   17.82
283.75000   18.30
284.06250   18.30
284.06250   18.30
284.00000   18.43
284.00000   18.43
284.00000   18.43
284.31250   18.33
284.31250   18.33
284.43750   18.33
284.43750   17.99
284.68750   17.99
284.68750   17.99
284.43750   17.77
284.43750   17.77
284.43750   17.77
284.50000   17.66
284.50000   17.66
284.43750   17.66
284.43750   17.49
284.62500   17.49
284.62500   17.49
284.68750   17.03
284.68750   17.03
284.00000   17.03
284.00000   16.72
284.37500   16.72
284.37500   16.72
284.68750   16.66
284.68750   16.66
284.93750   16.66
284.93750   16.32
284.50000   16.32
284.50000   16.32
285.00000   15.94
285.00000   15.94
284.93750   15.94
284.93750   15.78
285.12500   15.78
285.12500   15.78
285.06250   15.51
285.06250   15.51
284.87500   15.47
284.87500   15.47
285.00000   15.44
285.00000   15.44
285.12500   15.45
285.12500   15.45
285.75000   15.32
285.75000   15.32
285.62500   15.24
285.62500   15.24
286.00000   15.59
286.00000   15.59
285.87500   15.59
285.87500   16.17
285.68750   16.17
285.68750   16.17
285.75000   15.81
285.75000   15.81
285.93750   15.81
285.93750   15.24
285.56250   15.24
285.81250   14.99
285.81250   14.99
285.93750   15.18
285.93750   15.18
286.06250   15.38
286.06250   15.38
286.25000   15.30
286.25000   15.30
286.18750   15.29
286.18750   15.29
286.56250   15.56
286.56250   15.56
286.93750   15.56
286.93750   15.37
287.00000   15.37
287.00000   14.76
287.31250   14.76
287.31250   14.56
287.18750   14.56
287.56250   14.60
287.56250   14.60
287.68750   14.57
287.68750   14.57
288.12500   14.50
288.12500   14.50
287.81250   14.60
287.81250   14.60
288.43750   19.11
288.43750   19.11
288.43750   19.11
288.62500   28.80
288.62500   28.80
288.31250   28.80
288.31250   28.80
288.81250   11.54
288.81250   13.49
289.12500   13.49
289.06250   14.00
289.06250   14.00
289.31250   13.68
289.31250   13.68
289.43750   13.38
289.43750   13.38
289.93750   13.63
289.93750   13.63
290.25000   14.51
290.25000   14.51
290.56250   14.51
290.56250   14.51
290.81250   11.56
290.81250   14.51
291.00000   14.51
291.00000   14.51
291.00000   14.51
290.62500   17.63
290.62500   17.63
290.81250   17.63
291.25000   13.89
291.25000   13.89
291.56250   13.40
291.56250   13.40
291.62500   13.19
291.50000   13.19
291.50000   13.54
291.75000   13.54
291.75000   13.77
292.12500   13.77
292.25000   13.55
292.25000   13.55
292.37500   13.49
292.37500   13.49
292.43750   13.36
292.43750   13.36
292.37500   13.10
292.93750   13.10
292.93750   12.97
292.81250   12.97
292.25000   13.23
292.25000   13.23
292.81250   13.67
292.81250   13.67
292.87500   13.77
292.87500   13.77
293.43750   13.60
293.18750   13.60
293.18750   13.05
293.00000   13.05
293.43750   13.23
293.43750   13.23
293.18750   13.56
293.18750   13.56
293.68750   13.83
293.68750   13.83
293.87500   13.65
293.93750   13.65
293.93750   13.71
293.56250   13.71
293.56250   13.79
293.56250   13.79
293.56250   13.88
293.68750   13.88
294.06250   14.02
294.06250   14.02
293.75000   14.18
293.75000   14.18
293.62500   14.11
293.62500   14.11
294.31250   13.80
294.06250   13.80
294.06250   13.99
294.12500   13.99
294.12500   14.16
294.06250   14.16
294.06250   14.26
294.31250   14.26
294.37500   14.25
294.37500   14.25
294.62500   14.21
294.62500   14.21
294.56250   14.08
294.56250   14.08
295.00000   14.16
295.00000   14.16
294.81250   14.27
294.62500   14.27
294.62500   13.98
295.37500   13.98
295.37500   14.07
295.12500   14.07
295.12500   14.65
295.50000   14.65
295.43750   14.58
295.43750   14.58
295.50000   15.02
295.50000   15.02
295.68750   15.11
295.68750   15.11
295.25000   15.03
295.25000   15.03
295.93750   15.33
295.93750   15.33
295.87500   15.06
295.87500   15.06
295.87500   15.08
295.93750   15.08
295.93750   14.67
295.93750   14.67
295.87500   14.58
295.93750   14.58
295.93750   14.67
296.25000   14.67
296.25000   14.71
296.25000   14.71
296.25000   14.20
296.18750   14.20
296.18750   14.00
296.43750   14.00
297.12500   14.04
297.12500   14.04
297.12500   14.02
297.12500   14.02
297.31250   13.67
297.43750   13.67
297.43750   13.09
297.62500   13.09
298.18750   11.89
298.18750   11.89
298.00000   12.52
298.00000   12.52
298.12500   13.79
298.12500   13.79
298.37500   14.38
298.68750   14.38
298.68750   14.08
298.56250   14.08
298.56250   13.72
299.18750   13.72
299.00000   13.39
299.00000   13.39
299.00000   13.05
299.00000   13.05
299.37500   12.66
299.25000   12.66
299.25000   12.42
299.62500   12.42
300.00000   12.14
300.00000   12.14
299.50000   11.89
300.12500   11.89
300.12500   12.04
299.81250   12.04
299.93750   12.29
299.93750   12.29
300.25000   12.53
300.43750   12.53
300.43750   12.29
300.68750   12.29
300.68750   12.07
300.68750   12.07
300.75000   12.01
300.75000   12.01
300.75000   11.84
300.93750   11.84
301.25000   12.08
301.25000   12.08
301.43750   12.88
301.43750   12.88
301.87500   12.53
302.00000   12.53
302.00000   11.84
302.06250   11.84
302.25000   11.62
302.25000   11.62
303.06250   11.97
302.12500   11.97
302.12500   12.28
302.62500   12.28
302.43750   12.82
302.43750   12.82
302.50000   12.96
302.50000   12.96
302.50000   12.98
302.81250   12.98
302.81250   12.98
302.62500   12.98
303.25000   12.95
303.25000   12.95
303.00000   12.91
303.00000   12.91
303.00000   12.93
303.31250   12.93
303.31250   12.75
303.18750   12.75
303.68750   12.38
303.68750   12.38
303.68750   12.65
303.68750   12.65
303.68750   12.94
303.81250   12.94
303.81250   12.95
304.25000   12.95
304.56250   13.12
304.56250   13.12
304.31250   13.02
304.31250   13.02
304.18750   13.02
304.31250   13.02
304.31250   13.48
304.43750   13.48
304.43750   13.54
304.31250   13.54
304.31250   14.20
304.56250   14.20
304.56250   14.14
304.56250   14.14
304.81250   14.02
304.81250   14.02
304.93750   13.94
304.93750   13.94
304.81250   13.67
304.87500   13.67
304.87500   13.66
305.00000   13.66
305.00000   13.69
305.06250   13.69
305.37500   13.76
305.37500   13.76
305.00000   13.68
305.00000   13.68
305.31250   13.82
305.43750   13.82
305.43750   13.42
304.93750   13.42
304.93750   13.24
305.62500   13.24
305.87500   12.98
305.87500   12.98
305.75000   13.12
305.75000   13.12
305.62500   13.15
305.62500   13.15
305.62500   13.25
306.00000   13.25
306.00000   13.19
305.87500   13.19
306.18750   13.32
306.18750   13.32
305.93750   13.27
305.93750   13.27
306.37500   13.41
306.18750   13.41
306.18750   13.39
306.25000   13.39
306.25000   13.33
306.06250   13.33
306.50000   13.25
306.50000   13.25
306.37500   13.27
306.37500   13.27
306.68750   13.02
307.00000   13.02
307.00000   12.62
307.00000   12.62
306.87500   12.97
306.87500   12.97
307.12500   12.69
307.12500   12.69
307.56250   12.80
306.93750   12.80
306.93750   12.65
307.43750   12.65
307.50000   12.26
307.50000   12.26
307.56250   11.79
307.68750   11.79
307.68750   12.31
308.00000   12.31
307.93750   12.46
307.93750   12.46
308.18750   11.76
308.50000   11.76
308.50000   11.76
308.31250   11.76
308.50000   12.09
308.50000   12.09
308.43750   11.59
308.31250   11.59
308.31250   10.90
308.81250   10.90
308.87500   12.43
308.87500   12.43
309.25000   13.03
309.18750   13.03
309.18750   12.81
309.00000   12.81
309.00000   13.22
309.00000   13.22
308.75000   13.69
308.75000   13.69
309.18750   13.65
309.18750   13.65
309.37500   13.79
309.25000   13.79
309.25000   13.55
309.18750   13.55
309.18750   14.02
309.25000   14.02
309.25000   14.18
309.50000   14.18
309.50000   14.56
309.56250   14.56
309.62500   14.93
309.62500   14.93
309.62500   15.06
309.62500   15.06
309.68750   15.05
309.68750   15.05
309.68750   15.03
309.68750   15.03
309.75000   15.05
309.75000   15.05
309.87500   15.02
309.87500   15.02
310.12500   14.92
310.12500   14.92
310.18750   14.82
310.31250   14.82
310.31250   14.99
310.00000   14.99
310.00000   15.05
310.18750   15.05
310.18750   15.15
310.06250   15.15
310.06250   15.09
310.43750   15.09
310.43750   15.09
310.31250   15.09
310.31250   15.15
310.43750   15.15
310.43750   15.18
310.50000   15.18
310.50000   15.15
310.81250   15.15
310.50000   15.09
310.50000   15.09
310.62500   15.11
310.62500   15.11
310.50000   15.11
310.50000   15.11
310.50000   15.35
310.50000   15.35
310.43750   15.50
310.43750   15.50
310.31250   16.13
310.31250   16.13
310.25000   16.13
310.25000   17.11
310.68750   17.11
310.68750   17.11
310.68750   18.30
310.75000   18.30
310.75000   18.30
310.18750   18.77
310.18750   18.77
310.18750   18.77
310.18750   19.03
310.18750   19.03
310.31250   19.03
310.31250   19.08
310.25000   19.08
310.25000   19.08
309.93750   18.74
309.93750   18.74
309.93750   18.74
309.68750   18.59
309.68750   18.59
309.87500   18.59
309.87500   19.49
309.87500   19.49
309.93750   19.49
309.93750   20.71
310.00000   20.71
310.00000   20.71
310.00000   21.69
309.62500   21.69
309.62500   21.69
309.62500   22.08
309.43750   22.08
309.43750   22.08
309.43750   22.55
309.43750   22.55
309.43750   22.55
309.43750   23.07
309.75000   23.07
309.75000   23.07
309.75000   23.63
309.75000   23.63
309.75000   23.63
309.75000   23.63
309.31250   23.11
309.31250   23.11
309.43750   23.11
309.43750   22.40
309.43750   22.40
309.25000   22.40
309.25000   21.83
309.25000   21.83
309.37500   21.83
309.37500   20.87
309.62500   20.87
309.62500   20.87
309.62500   20.34
309.31250   20.34
309.31250   20.34
309.31250   20.74
309.68750   20.74
309.68750   20.74
309.25000   20.76
309.25000   20.76
309.25000   20.76
309.56250   20.01
309.56250   20.01
309.18750   20.01
309.18750   20.42
309.18750   20.42
309.37500   20.42
309.37500   19.62
309.25000   19.62
309.25000   19.62
308.68750   18.88
308.68750   18.88
308.68750   18.88
309.00000   19.08
309.00000   19.08
309.31250   19.08
309.31250   19.57
309.31250   19.57
309.50000   19.57
309.50000   19.93
309.43750   19.93
309.43750   19.93
309.43750   20.38
309.75000   20.38
309.75000   20.38
309.50000   20.97
309.50000   20.97
309.18750   21.20
309.18750   21.20
309.18750   21.20
309.50000   21.41
309.50000   21.41
309.62500   21.41
309.62500   21.81
309.62500   21.81
309.87500   21.81
309.87500   22.49
309.87500   22.49
309.81250   22.49
309.81250   22.47
309.81250   22.47
309.75000   22.47
309.75000   22.00
309.75000   22.00
309.12500   22.00
309.12500   22.66
309.12500   22.66
309.25000   22.66
309.25000   23.18
309.25000   23.18
309.25000   23.18
309.25000   22.98
309.18750   22.98
309.18750   22.98
309.18750   22.27
309.37500   22.27
309.37500   22.27
309.37500   21.73
309.37500   21.73
309.37500   21.73
309.62500   20.69
309.62500   20.69
309.62500   20.69
309.43750   19.89
309.43750   19.89
309.25000   19.89
309.25000   18.86
309.25000   18.86
309.00000   18.86
309.00000   18.44
309.12500   18.44
309.12500   18.44
309.43750   16.93
309.43750   16.93
309.18750   16.93
309.18750   15.45
308.93750   15.45
308.93750   14.43
309.62500   14.43
309.37500   13.78
309.37500   13.78
309.06250   14.53
309.06250   14.53
309.12500   15.18
309.12500   15.18
309.56250   15.61
309.56250   15.61
309.37500   15.61
309.37500   16.00
309.31250   16.00
309.31250   16.00
309.37500   15.55
309.37500   15.55
309.62500   14.64
309.62500   14.64
309.43750   13.72
309.25000   13.72
309.25000   13.22
309.06250   13.22
309.37500   13.15
309.37500   13.15
309.50000   12.86
309.50000   12.86
309.25000   12.93
309.12500   12.93
309.12500   12.76
309.37500   12.76
309.37500   12.62
309.37500   12.62
309.25000   11.95
309.43750   11.95
309.43750   11.60
309.06250   11.60
309.06250   12.75
309.18750   12.75
309.18750   14.42
309.18750   14.42
309.18750   15.33
309.18750   15.33
308.75000   16.20
308.75000   16.20
308.37500   16.20
308.37500   16.94
308.37500   16.94
308.68750   16.94
308.68750   16.82
308.62500   16.82
308.62500   16.82
308.50000   17.57
308.50000   17.57
308.00000   17.57
308.00000   18.04
308.06250   18.04
308.06250   18.04
307.56250   18.18
307.56250   18.18
307.56250   18.18
307.56250   18.47
307.56250   18.47
307.56250   18.47
307.56250   18.83
307.56250   18.83
307.31250   18.83
307.31250   19.16
307.31250   19.16
307.31250   19.16
307.00000   19.31
307.00000   19.31
307.00000   19.31
307.12500   19.38
307.12500   19.38
306.93750   19.38
306.93750   19.49
306.93750   19.49
306.56250   19.49
306.56250   19.25
307.00000   19.25
307.00000   19.25
306.25000   18.91
306.25000   18.91
306.25000   18.91
306.56250   18.97
306.56250   18.97
305.87500   18.97
305.87500   19.44
305.87500   19.44
305.87500   19.44
305.87500   19.49
305.68750   19.49
305.68750   19.49
305.68750   19.64
306.00000   19.64
306.00000   19.64
305.75000   19.93
305.75000   19.93
305.75000   19.93
305.75000   20.17
305.75000   20.17
305.56250   20.17
305.56250   19.88
305.56250   19.88
305.12500   19.88
305.12500   19.86
305.18750   19.86
305.18750   19.86
305.06250   19.48
305.06250   19.48
305.06250   19.48
305.31250   18.78
305.31250   18.78
304.56250   18.78
304.56250   19.36
304.56250   19.36
304.62500   19.36
304.62500   19.54
304.43750   19.54
304.43750   19.54
304.31250   13.56
304.37500   13.56
304.25000   9.19
303.81250   9.59
303.81250   9.02
304.12500   8.81
304.00000   9.51
303.81250   10.00
303.75000   11.08
303.75000   11.08
303.93750   11.61
303.75000   11.61
303.81250   11.79
303.81250   11.79
303.87500   11.96
303.87500   11.96
303.56250   11.88
303.31250   11.88
303.25000   11.74
303.25000   11.74
303.06250   11.60
303.12500   11.60
303.12500   11.12
302.81250   11.12
302.93750   12.32
302.93750   12.32
303.00000   13.02
303.00000   13.02
303.12500   12.86
302.93750   12.86
302.93750   13.18
302.68750   13.18
302.75000   12.11
302.75000   12.11
303.18750   12.76
303.18750   12.76
302.81250   13.38
302.87500   13.38
302.87500   13.48
302.56250   13.48
302.56250   14.18
302.75000   14.18
302.75000   14.88
302.25000   14.88
302.25000   15.63
301.81250   15.63
301.87500   15.63
301.87500   15.63
301.68750   15.63
301.68750   15.63
301.43750   15.97
301.43750   15.97
301.43750   15.97
300.93750   17.85
300.93750   17.85
300.93750   17.85
300.93750   20.15
300.93750   20.15
300.37500   20.15
300.37500   21.35
300.25000   21.35
300.25000   21.35
300.25000   23.09
299.87500   23.09
299.87500   23.09
299.87500   22.95
300.00000   22.95
300.00000   22.95
300.00000   20.76
299.06250   20.76
299.06250   20.76
298.68750   17.70
298.68750   17.70
298.62500   17.70
298.62500   16.87
298.31250   16.87
298.31250   16.87
298.43750   16.44
298.43750   16.44
297.87500   16.44
297.87500   16.91
297.93750   16.91
297.93750   16.91
297.93750   17.36
297.87500   17.36
297.87500   17.36
298.00000   17.89
298.00000   17.89
297.43750   17.89
297.43750   18.38
297.81250   18.38
297.81250   18.38
297.81250   19.05
297.43750   19.05
297.43750   19.05
297.25000   19.59
297.25000   19.59
297.25000   19.59
297.43750   19.51
297.43750   19.51
297.12500   19.51
297.12500   19.51
297.12500   19.51
296.87500   19.51
296.87500   19.38
296.43750   19.38
296.43750   19.38
296.37500   19.43
296.37500   19.43
296.37500   19.43
296.75000   19.62
296.75000   19.62
296.37500   19.62
296.37500   19.71
296.37500   19.71
296.18750   19.71
296.18750   19.79
295.87500   19.79
295.87500   19.79
295.87500   19.62
295.62500   19.62
295.62500   19.62
295.75000   19.51
295.75000   19.51
295.75000   19.51
295.37500   19.51
295.37500   19.51
295.12500   19.51
295.12500   18.24
295.25000   18.24
295.25000   18.24
295.25000   18.60
295.37500   18.60
295.37500   18.60
295.68750   16.55
295.68750   16.55
295.62500   16.55
295.68750   14.17
295.68750   14.17
296.18750   13.36
296.18750   13.36
296.00000   11.92
296.31250   11.92
296.31250   12.27
296.12500   12.27
295.93750   12.30
295.93750   12.30
295.93750   12.07
295.93750   12.07
295.93750   11.46
296.18750   11.46
296.00000   13.10
296.00000   13.10
296.25000   14.57
296.31250   14.57
296.31250   14.62
296.31250   14.62
296.31250   14.47
296.56250   14.47
296.56250   14.49
296.56250   14.49
296.56250   14.57
296.62500   14.57
296.62500   14.82
296.81250   14.82
296.81250   15.06
297.06250   15.06
297.06250   15.24
296.81250   15.24
296.81250   13.46
296.81250   13.46
297.00000   10.87
297.12500   10.87
297.12500   12.32
296.93750   12.32
296.93750   14.29
297.12500   14.29
296.93750   14.29
296.93750   14.29
297.18750   14.57
297.18750   14.57
297.68750   14.67
297.68750   14.67
297.68750   14.04
297.68750   14.04
297.87500   14.68
297.87500   14.68
298.12500   15.59
298.12500   15.59
298.12500   15.59
297.87500   16.07
297.87500   16.07
297.87500   16.07
298.18750   15.46
298.68750   15.46
298.68750   14.37
298.87500   14.37
298.87500   14.62
298.93750   14.62
298.93750   14.74
298.68750   14.74
298.68750   14.42
298.62500   14.42
299.06250   14.08
299.06250   14.08
299.68750   14.71
299.68750   14.71
299.50000   14.09
299.50000   14.09
299.75000   12.41
299.87500   12.41
299.56250   10.75
299.56250   10.75
300.12500   9.67
299.87500   8.95
300.43750   9.16
300.06250   8.37
300.43750   8.72
300.62500   8.65
300.50000   9.24
300.87500   8.71
301.18750   7.92
301.43750   8.14
301.43750   9.71
302.00000   9.59
302.00000   9.47
302.12500   9.36
302.87500   9.77
302.62500   9.47
302.62500   9.01
302.93750   9.73
303.06250   10.11
303.18750   10.06
303.43750   9.87
303.93750   9.63
303.93750   9.95
304.12500   9.96
303.62500   9.93
303.87500   9.57
304.18750   9.58
304.18750   9.53
304.25000   9.51
304.56250   9.65
304.37500   9.88
304.06250   9.95
304.43750   10.11
304.43750   10.15
304.00000   10.28
304.25000   10.18
304.56250   10.06
304.56250   9.83
305.00000   9.81
304.68750   9.42
304.25000   9.13
304.93750   9.08
305.06250   9.20
304.75000   9.54
304.75000   9.13
305.81250   9.35
305.31250   9.34
305.31250   9.55
305.18750   9.57
305.62500   9.54
305.68750   9.53
306.00000   9.44
306.00000   8.98
305.87500   8.81
305.81250   8.81
306.12500   8.81
306.43750   7.73
306.62500   8.95
306.62500   8.79
307.06250   9.12
307.06250   9.35
306.81250   9.32
307.00000   9.72
306.93750   9.83
307.12500   9.53
307.00000   9.54
307.00000   9.52
307.31250   9.24
307.18750   9.65
307.31250   9.83
307.81250   9.63
307.68750   9.57
307.68750   9.59
307.81250   9.87
308.00000   10.09
308.31250   10.19
308.18750   10.18
308.18750   10.02
308.18750   9.52
308.43750   9.06
308.75000   9.04
308.75000   9.25
308.75000   9.39
309.31250   10.01
309.31250   10.02
309.25000   10.06
309.06250   9.97
309.43750   9.86
309.50000   9.87
309.50000   9.93
309.31250   10.18
309.43750   10.26
309.68750   10.40
309.68750   10.40
310.12500   10.26
309.87500   10.10
309.75000   10.11
309.62500   10.00
309.62500   10.00
309.81250   9.97
310.12500   9.91
310.12500   9.63
310.37500   9.16
310.18750   8.96
310.56250   8.69
310.56250   8.65
310.31250   8.74
310.68750   9.44
310.37500   9.54
310.56250   9.76
310.50000   10.23
310.50000   11.08
310.31250   11.08
310.31250   11.98
310.31250   11.98
310.31250   13.50
310.31250   13.50
