51.8192337,19.623996
51.8188509,19.6250507
51.8208038,19.6266567
51.8219411,19.6276116
51.8220698,19.6276974
51.8223702,19.627794
51.8225634,19.6278154
51.8234968,19.6278154
51.8235505,19.6247684
51.8235505,19.6225583
51.8235827,19.6212279
51.8235934,19.6209919
51.8238937,19.6172475
51.8245053,19.6140182
51.8254387,19.6101129
51.8252992,19.6099197
51.8251061,19.6097373
51.8246877,19.6094262
51.8245267,19.6091794
51.8245349,19.6090262
51.8245349,19.6090261
51.8246448,19.6069693
51.824634,19.6047163
51.8253636,19.6007251
51.8258142,19.5989441
51.826061,19.5989656
51.8276917,19.5988368
51.82958,19.5986437
51.8312323,19.598515
51.8334531,19.598236
51.8334764,19.5983271
51.8334763,19.5983271
51.8334531,19.598236
51.8330883,19.5965623
51.8326485,19.5946848
51.831876,19.5910155
51.8324124,19.5907795
51.8330454,19.5906615
51.8339681,19.5899641
51.8340755,19.5901572
51.8359208,19.5888698
51.8360067,19.5888376
51.8360066,19.5888376
51.8360067,19.5888376
51.8362212,19.5886123
51.8385601,19.5869064
51.8386673,19.5863485
51.8386673,19.5860803
51.8385923,19.5857799
51.836425,19.58534
51.8363499,19.5852541
51.8363285,19.5851361
51.8363773,19.5846742
51.8363773,19.5846744
51.8368649,19.5800614
51.836865,19.5800614
51.8371868,19.5776581
51.8371331,19.5773363
51.8370151,19.5772504
51.8369401,19.57695
51.8370795,19.576478
51.8370902,19.5760381
51.8371224,19.5756089
51.8371331,19.575448
51.8371868,19.5752227
51.8372404,19.5746648
51.8372404,19.5746111
51.8372405,19.5746111
51.8372189,19.5742249
51.8372297,19.5735061
51.8371975,19.5733129
51.8371224,19.5729804
51.8371224,19.5727872
51.8371299,19.5727439
51.8371298,19.572744
51.8372511,19.5720362
51.8373048,19.5718646
51.8375945,19.571489
51.837809,19.5709955
51.8378627,19.5707702
51.8379056,19.5707809
51.8379807,19.5708239
51.8380558,19.570899
51.8381094,19.571017
51.8381738,19.5712423
51.8382167,19.5714783
51.8382704,19.5722615
51.8383991,19.5732164
51.8415105,19.5714569
51.8415963,19.5712423
51.8418431,19.5702552
51.8420684,19.5695257
51.8423366,19.5683884
51.8426477,19.5673584
51.8426478,19.5673584
51.8427765,19.5669615
51.8428945,19.5664465
51.8431949,19.565438
51.8433558,19.5646226
51.8437099,19.5643758
51.8439137,19.5641934
51.8438494,19.5639681
51.8437957,19.5636999
51.8436992,19.5629167
51.8436884,19.5626378
51.8437206,19.561522
51.8437206,19.5609426
51.8436455,19.5605134
51.8435529,19.5601093
51.843553,19.5601095
51.8435275,19.5599985
51.8435276,19.5599985
51.8433237,19.5593225
51.8431735,19.5588719
51.8431627,19.5586788
51.8430233,19.5586037
51.8430769,19.5583677
51.8431198,19.5582926
51.8435811,19.5580673
51.8436563,19.5579922
51.8436992,19.5579278
51.8437635,19.5577454
51.8439137,19.5571982
51.8439888,19.5567584
51.8439459,19.5562326
51.8439352,19.5557498
51.8438816,19.5552241
51.8438495,19.5549988
51.8437099,19.5543229
51.8434953,19.5536684
51.8434631,19.5529389
51.8434703,19.5528562
51.8434702,19.5528564
51.8435705,19.5516836
51.8436992,19.5517373
51.8439245,19.5519733
51.8444395,19.5523917
51.8445789,19.5525741
51.8450295,19.5529174
51.8455982,19.5535612
51.8456948,19.5536363
51.8456947,19.5536363
51.8456875,19.5535612
51.8467016,19.5532715
51.8510446,19.5520719
51.8511558,19.5484972
51.8511558,19.5481646
51.8511665,19.5478105
51.8511665,19.5477247
51.8512845,19.5478534
51.8515527,19.5476388
51.8521106,19.5474886
51.8522071,19.547435
51.8526041,19.5473062
51.8541812,19.5468664
51.85534,19.5465874
51.8569702,19.5461246
51.8569701,19.5461246
51.8570029,19.5461153
51.8574213,19.5459759
51.8574321,19.5452141
51.8573356,19.5426607
51.8573033,19.540944
51.8572927,19.5408582
51.8570459,19.5382726
51.8570352,19.538058
51.8565309,19.5325112
51.8565094,19.5317065
51.8564879,19.5313632
51.8564128,19.5310735
51.8564083,19.5310194
51.8564084,19.5310195
51.8563377,19.5301616
51.8562519,19.5298075
51.856252,19.5293569
51.8562948,19.5293354
51.8562627,19.5291638
51.8560051,19.5285522
51.8559193,19.5282948
51.8559194,19.5282948
51.8558228,19.5279622
51.8556725,19.5273613
51.8555223,19.5262885
51.8554902,19.5259559
51.8554365,19.5256555
51.855297,19.5253872
51.8546534,19.5254516
51.8536019,19.5254945
51.8534839,19.5255804
51.8533015,19.5257735
51.8530869,19.5260632
51.8525935,19.5197653
51.852574,19.5195302
51.852574,19.5195305
51.8523252,19.5165038
51.8522393,19.5165145
51.8511451,19.5166862
51.8508875,19.5133495
51.8512737,19.5130276
51.8521428,19.5122337
51.8526041,19.5118582
51.8535591,19.5109677
51.8546855,19.509927
51.854825,19.5098412
51.8553614,19.5097339
51.8553615,19.5097339
51.8555331,19.509648
51.8557476,19.5094978
51.8559623,19.509294
51.8561875,19.5090794
51.8567025,19.5086824
51.8569707,19.5085215
51.8577432,19.5081567
51.8585693,19.5075774
51.8585494,19.5075132
51.8585495,19.5075136
51.8578827,19.505378
51.8578827,19.5052385
51.8576574,19.5049595
51.8575394,19.5044553
51.8571853,19.5032429
51.8567991,19.5028674
51.8566167,19.5026099
51.8562841,19.502803
51.8562656,19.5027993
51.8562657,19.5027993
51.8550074,19.5025563
51.8532908,19.5022237
51.852572,19.5020842
51.8524293,19.5020589
51.8524293,19.5020589
51.8522071,19.5020198
51.8522072,19.5020198
51.8503296,19.5016443
51.849246,19.5014405
51.8492461,19.5014405
51.8485271,19.501301
51.8484091,19.5011937
51.8477459,19.5000122
51.8477459,19.5000124
51.8477225,19.4999706
51.8469178,19.4998848
51.8463599,19.499917
51.8463706,19.4992518
51.8463922,19.4990909
51.8464458,19.4987583
51.8464457,19.4987583
51.846875,19.4949281
51.8468749,19.4949281
51.8469393,19.4943487
51.8469715,19.4939517
51.8465745,19.4924604
51.8465745,19.4922888
51.8466281,19.4919562
51.8466819,19.4917738
51.8468105,19.4913125
51.847862,19.4881689
51.8494713,19.4833517
51.8494927,19.4830942
51.848109,19.482417
51.8464457,19.4816029
51.8465746,19.4799077
51.8465745,19.4799077
51.846639,19.4789528
51.846596,19.4789421
51.846478,19.4789206
51.8462634,19.478867
51.8460917,19.4788348
51.8458771,19.4787704
51.8457269,19.4787383
51.8456226,19.4786908
51.8456227,19.4786908
51.8456089,19.4786846
51.8452978,19.4784379
51.8451905,19.478352
51.8449759,19.4782876
51.8447828,19.4783198
51.8446863,19.4783735
51.8446004,19.4784593
51.8443536,19.4787704
51.8443537,19.4787704
51.8444073,19.4789958
51.8444181,19.4792318
51.8444609,19.479618
51.8444395,19.4799292
51.8443858,19.4803905
51.8443859,19.4806802
51.8443965,19.4814527
51.8443322,19.4822359
51.8443537,19.4824504
51.8442142,19.4825685
51.8439888,19.482944
51.8439889,19.482944
51.8439674,19.4834268
51.8440747,19.4838452
51.8439781,19.4843602
51.8438816,19.4847035
51.8437148,19.4850174
51.8437148,19.4850173
51.8436992,19.4850468
51.8436026,19.48583
51.843506,19.4862806
51.8434417,19.4868707
51.8434095,19.4874179
51.8433344,19.4876432
51.8433345,19.4876432
51.842916,19.4875895
51.8419182,19.4874715
51.841135,19.4873213
51.8392468,19.4870638
51.8386244,19.4869673
51.8386459,19.487611
51.8386781,19.4879221
51.8387532,19.4882118
51.8387961,19.4884693
51.8387961,19.4887053
51.8387639,19.4890165
51.838764,19.4890165
51.8386244,19.4891238
51.8384528,19.4892525
51.8375086,19.4898211
51.8373906,19.4901001
51.8372941,19.4902074
51.8371868,19.4902503
51.8370258,19.4902396
51.8368757,19.4901752
51.8368756,19.4901752
51.8368757,19.4901752
51.8365967,19.4895637
51.8365968,19.4895637
51.8362641,19.4899606
51.8359529,19.4901537
51.8355345,19.4900035
51.8349552,19.489746
51.8348371,19.4898211
51.8346118,19.4901216
51.8343436,19.4902825
51.8343544,19.4907653
51.8340539,19.4905185
51.8334854,19.4901323
51.8334102,19.4906258
51.8331849,19.4913554
51.8330777,19.4919025
51.8329919,19.4921493
51.832745,19.4921171
51.8323481,19.4918811
51.8319404,19.4911623
51.8315864,19.490658
51.8310391,19.4905829
51.8306529,19.490658
51.8303096,19.4906687
51.8300843,19.4907009
51.8299341,19.4904863
51.8296337,19.4901752
51.829226,19.4901537
51.828829,19.4901001
51.8283355,19.4898319
51.8277776,19.4892418
51.8277777,19.4892418
51.8274664,19.4888877
51.8271982,19.488641
51.8266618,19.4883084
51.8264579,19.4883084
51.8263399,19.4881689
51.8263077,19.4880938
51.8261897,19.4881153
51.8260503,19.4880938
51.8262004,19.4871175
51.8261969,19.4870847
51.8262511,19.4870691
51.8262007,19.4861962
51.8261491,19.4857451
51.8261714,19.4854615
51.826234,19.4850492
51.8261891,19.4847935
51.8261109,19.4845723
51.8259897,19.4843551
51.825673,19.4839996
51.825481,19.4836102
51.8251605,19.4830871
51.8250634,19.4827695
51.8250544,19.4826474
51.8249892,19.4823944
51.8247163,19.481682
51.8245006,19.4810469
51.8242977,19.48053
51.8242238,19.4802074
51.8241163,19.4799065
51.8239896,19.4793332
51.8238983,19.4790688
51.8237726,19.4788149
51.8236527,19.4784965
51.8235396,19.4780414
51.8233895,19.4777279
51.823299,19.4774952
51.8231871,19.4771352
51.8231598,19.4769036
51.82317,19.4766642
51.8233458,19.4758446
51.8234306,19.4753401
51.8235264,19.4745513
51.8235134,19.4743807
51.8234901,19.4743038
51.8233758,19.4741578
51.8232403,19.4740654
51.8231153,19.474079
51.822596,19.4742178
51.8224758,19.4742634
51.8223525,19.4742434
51.822324,19.4742078
51.8222919,19.4740972
51.8222869,19.4739053
51.822328,19.4736303
51.8223188,19.4734277
51.8224073,19.472571
51.8223958,19.4723328
51.8224127,19.4721057
51.8224601,19.4718089
51.8224574,19.4715922
51.8224973,19.4712966
51.8224321,19.4711018
51.8223681,19.4700837
51.8224231,19.469606
51.8224981,19.4693169
51.8225428,19.4692174
51.8225587,19.469109
51.8225536,19.4690056
51.8228707,19.4681547
51.823041,19.4675302
51.8231109,19.4673887
51.8231415,19.4671815
51.8231719,19.466765
51.8231367,19.4666846
51.8231451,19.466205
51.8231871,19.4658999
51.8231718,19.465445
51.8232433,19.465228
51.8233545,19.4650148
51.823439,19.4650594
51.823682,19.4652801
51.8238408,19.4652812
51.8241207,19.4648924
51.8242716,19.4647281
51.824378,19.4645006
51.8246105,19.4640928
51.8249737,19.4636307
51.8250758,19.4634065
51.8252618,19.4623857
51.8252267,19.4622263
51.8253208,19.4616443
51.825341,19.4615917
51.8251718,19.4608455
51.8251147,19.4607503
51.8250867,19.4605815
51.8250792,19.4602964
51.8251458,19.4601819
51.8252368,19.4599113
51.8253165,19.4595295
51.8254416,19.4590775
51.8256122,19.4587274
51.826031,19.45804
51.8260774,19.4578869
51.8260746,19.4569399
51.8260163,19.4563912
51.8260157,19.4548333
51.8259879,19.4545605
51.8259751,19.4538797
51.8259463,19.4533185
51.8258381,19.4521566
51.8258906,19.451535
51.8260684,19.4508275
51.8260838,19.4496456
51.8261199,19.449128
51.8260955,19.4487949
51.826119,19.4486285
51.8261752,19.4485156
51.8263659,19.4483762
51.8264474,19.4482966
51.826895,19.4479975
51.827111,19.4479309
51.8273387,19.4477638
51.8277483,19.447397
51.8279815,19.4473034
51.8282343,19.447135
51.8283226,19.4470992
51.8284485,19.4469883
51.8284836,19.4469387
51.8285493,19.4468133
51.8286315,19.4465614
51.8288683,19.44619
51.8289416,19.4460454
51.8290722,19.4457273
51.8291712,19.4453893
51.8295338,19.4446454
51.8297461,19.4441182
51.8298462,19.4439101
51.8300492,19.4433787
51.8302989,19.442545
51.8306423,19.4410944
51.8307972,19.4405456
51.8308992,19.440304
51.8310748,19.4399232
51.8314697,19.4392145
51.8317405,19.4386284
51.8322135,19.4378197
51.8326967,19.4370638
51.8329262,19.4365733
51.8330908,19.4362708
51.8333055,19.4360414
51.8337432,19.4356523
51.8342167,19.4353231
51.834417,19.4351438
51.8348448,19.4348686
51.8353,19.4344852
51.835626,19.43418
51.8357276,19.434106
51.8360287,19.433802
51.836775,19.4332006
51.8370604,19.432996
51.8377054,19.4322835
51.837842,19.4320855
51.8379687,19.4319392
51.8383641,19.4315604
51.838411,19.431431
51.8386244,19.4310026
51.8377999,19.4294944
51.8374461,19.4288138
51.8360328,19.4262729
51.8353334,19.4250556
51.8344206,19.4233061
51.8344215,19.4232471
51.8344746,19.4231572
51.8343619,19.4228992
51.8342944,19.4224789
51.8342331,19.4217141
51.8340485,19.4198761
51.8339914,19.4189737
51.8336651,19.4162741
51.8336716,19.4159099
51.8336582,19.415726
51.8336245,19.4156224
51.8336419,19.4155424
51.833612,19.4151128
51.8334634,19.4140085
51.8333574,19.41276
51.8333198,19.4124909
51.8333125,19.4121852
51.8333323,19.411915
51.8333753,19.4116855
51.8335441,19.4110643
51.8335245,19.4108599
51.8334426,19.4106086
51.8333313,19.4104954
51.8330989,19.4103734
51.8327589,19.410117
51.8327274,19.4100565
51.8324222,19.4098443
51.8322357,19.4097575
51.8321878,19.4096747
51.8322243,19.4090123
51.8322761,19.4085331
51.832366,19.4073841
51.8325344,19.40587
51.8326019,19.4051023
51.8326614,19.4047399
51.8327146,19.4039973
51.832812,19.4031226
51.8328247,19.4027214
51.8328074,19.4023061
51.8328454,19.4018136
51.8328931,19.4015879
51.8328937,19.401315
51.8330055,19.4006605
51.8330269,19.4000719
51.8331472,19.399161
51.8331774,19.3982071
51.8332173,19.3977842
51.8332931,19.3974613
51.8332799,19.3970968
51.8333204,19.3965187
51.8333744,19.3961691
51.8334219,19.3961059
51.8335118,19.3961307
51.8346086,19.3968245
51.835218,19.3971804
51.8368069,19.3982368
51.837119,19.398369
51.8372328,19.3982929
51.8373006,19.3981453
51.8373676,19.3977588
51.837459,19.3967807
51.8375428,19.396269
51.8375928,19.3957421
51.8376602,19.3953392
51.8380808,19.3921461
51.8381487,19.3919918
51.838257,19.3919866
51.8383794,19.3920407
51.8385647,19.392095
51.8386736,19.3920563
51.8387352,19.3919043
51.8390312,19.3898427
51.8393498,19.3872354
51.8394624,19.3868345
51.8396829,19.3868848
51.8398351,19.3868871
51.8399775,19.3868672
51.8403624,19.3869506
51.8412472,19.3870719
51.8420566,19.3872251
51.8423781,19.3873363
51.8429396,19.387418
51.8435105,19.3875247
51.8443735,19.3877898
51.8453478,19.3880357
51.845877,19.3881047
51.8461207,19.3881694
51.8470587,19.3882812
51.847248,19.3883173
51.8477143,19.388459
51.8479229,19.3884785
51.8478959,19.3885009
51.8479666,19.3884848
51.8484906,19.388573
51.8488213,19.3886602
51.8491466,19.3888339
51.8495641,19.3889564
51.8501802,19.3890397
51.8503497,19.3890248
51.850373,19.3890096
51.850781,19.3890977
51.8511022,19.3891107
51.8516516,19.3893194
51.851847,19.3893181
51.8519749,19.3892657
51.852402,19.389022
51.8525453,19.3889205
51.8526152,19.3888202
51.8526023,19.3886013
51.8517526,19.3861838
51.8516534,19.3858359
51.8516484,19.3857164
51.8516871,19.3853355
51.8518837,19.3791922
51.8519081,19.3790771
51.8520449,19.3788442
51.8521099,19.3786784
51.852133,19.3785696
51.8521528,19.3780825
51.8521322,19.3776097
51.8521644,19.3774547
51.8522325,19.3773937
51.8527302,19.377358
51.8534572,19.3771526
51.8539673,19.3770752
51.854565,19.3769599
51.8550506,19.3769257
51.8555529,19.3768219
51.8559447,19.3767621
51.8571113,19.376493
51.8582186,19.3764484
51.8584553,19.3763965
51.8591436,19.3761444
51.8619876,19.3756311
51.8626683,19.3754462
51.8634324,19.3751976
51.8642239,19.3749011
51.8648242,19.3746542
51.8651713,19.3744792
51.8657435,19.374143
51.8667811,19.373666
51.8678023,19.3731452
51.8682928,19.3727908
51.8684707,19.3726808
51.8687745,19.3725763
51.8688062,19.3725447
51.8688518,19.3723809
51.8688709,19.3721474
51.8689331,19.3719334
51.8690403,19.3713697
51.86925,19.3705866
51.8693169,19.3701687
51.8694883,19.3695211
51.8696495,19.3691782
51.8697273,19.3690772
51.8699577,19.3685488
51.8700598,19.3684244
51.8701571,19.3681133
51.8703954,19.3678167
51.8705629,19.3674817
51.8707467,19.3671637
51.8712001,19.3665932
51.8713339,19.3663075
51.8716945,19.3657957
51.8717413,19.3656958
51.8717757,19.3655593
51.8718003,19.3652543
51.8717953,19.364385
51.8717614,19.3636127
51.8716483,19.3623625
51.8715019,19.3616432
51.871402,19.3611864
51.8710189,19.3598274
51.8706436,19.3583003
51.8700603,19.3566193
51.8697373,19.3557954
51.8696819,19.3555595
51.8697039,19.3554437
51.8697962,19.3551729
51.8699157,19.3544102
51.8700052,19.354065
51.8700796,19.3534519
51.8701214,19.3532809
51.8701136,19.3530489
51.8701645,19.3526235
51.8701819,19.352184
51.8701464,19.351409
51.8701209,19.3512429
51.8700247,19.3509106
51.869908,19.3505863
51.8694622,19.3494394
51.8693776,19.3491157
51.8693568,19.3489579
51.8693186,19.3475407
51.8694138,19.3457816
51.869462,19.3454895
51.8695197,19.3454084
51.8695952,19.3453868
51.8701966,19.3453491
51.8711029,19.3453699
51.8711706,19.3453918
51.8713154,19.3454751
51.8713755,19.3455331
51.8718449,19.3461742
51.8727384,19.347299
51.8731723,19.3478052
51.8734396,19.3481526
51.8735105,19.348197
51.8735684,19.3481619
51.8736678,19.3479736
51.8737692,19.3478293
51.8742615,19.346624
51.8744838,19.3461264
51.8746165,19.3459211
51.8747582,19.3459175
51.8748973,19.3461409
51.8750259,19.3462619
51.8750684,19.3462247
51.8751713,19.3460476
51.8752791,19.3457289
51.8753154,19.3455319
51.8754123,19.3452901
51.875489,19.3449901
51.8755024,19.3448181
51.8755419,19.3446157
51.8756144,19.3437471
51.8756722,19.3435914
51.8757348,19.3433117
51.8757443,19.3428679
51.8757998,19.3422608
51.8759308,19.3411587
51.8760335,19.3406546
51.8761937,19.3394524
51.8762872,19.3388716
51.8763127,19.3385482
51.8764593,19.3376909
51.8765038,19.3373607
51.8765237,19.336906
51.8767437,19.3357018
51.8768623,19.3347543
51.8769772,19.3341417
51.8770052,19.3338708
51.8770777,19.3335848
51.8771018,19.3330532
51.8771976,19.3323295
51.8774473,19.3313142
51.8778699,19.3298151
51.8780542,19.3292587
51.878239,19.3285159
51.8783688,19.3281221
51.8784308,19.3279883
51.8787433,19.3270384
51.878899,19.3264366
51.8789575,19.3261285
51.8793175,19.324937
51.8795291,19.3241709
51.8797353,19.3233284
51.8799625,19.3225809
51.8802985,19.3213056
51.8804176,19.3205542
51.8805929,19.320068
51.8808082,19.3196055
51.8808767,19.3195108
51.8810287,19.3193575
51.881432,19.3190327
51.8827492,19.3181953
51.8829391,19.3180921
51.8832868,19.3179777
51.8835619,19.3179897
51.8837415,19.3180644
51.8840745,19.3182817
51.884616,19.3185318
51.8853868,19.3188023
51.8857582,19.3188716
51.8864469,19.3191426
51.8867515,19.319204
51.8870484,19.3192846
51.8873541,19.3194149
51.8874117,19.3194536
51.8876896,19.3194267
51.8878301,19.3194709
51.888095,19.3195201
51.8884567,19.3196859
51.8887532,19.3197963
51.8889326,19.3199057
51.8890647,19.3199537
51.8892841,19.3200672
51.8897105,19.3202127
51.8901408,19.3203301
51.8902839,19.3203975
51.8904689,19.3204524
51.8909246,19.3206562
51.8909996,19.320672
51.8911422,19.3206574
51.8912293,19.3206232
51.8913025,19.320574
51.8914121,19.3204438
51.8918372,19.3191403
51.8919524,19.3187406
51.8921057,19.3184054
51.8922918,19.317933
51.8921415,19.3181844
51.8920296,19.3184811
51.8919113,19.3188985
51.8917411,19.3193881
51.8918527,19.3189845
51.892121,19.3182622
51.8922835,19.3179828
51.8923332,19.3178594
51.8923727,19.3178268
51.8924795,19.3178429
51.8925495,19.3179081
51.8926619,19.3183249
51.892758,19.3184375
51.8927957,19.3184185
51.8928499,19.318323
51.893091,19.3180924
51.8932514,19.3180084
51.8933239,19.3179864
51.8934186,19.3179723
51.8935209,19.3179901
51.8936754,19.3179507
51.8942003,19.3174183
51.8942575,19.3173906
51.8944238,19.3173746
51.894599,19.3174585
51.8946604,19.3175336
51.8947883,19.3175225
51.8949455,19.3176682
51.8951662,19.3177389
51.8953522,19.3178827
51.8958548,19.3180483
51.8960355,19.3181519
51.896102,19.3181486
51.896413,19.3182141
51.896434,19.3182526
51.8965587,19.3183168
51.8967093,19.318306
51.8967911,19.3183377
51.8969718,19.3182579
51.8971436,19.3183031
51.8973326,19.3183278
51.8974162,19.3183656
51.8975402,19.3184723
51.8976992,19.3184626
51.8978478,19.3185785
51.8980159,19.31844
51.8981237,19.3184388
51.8982042,19.3185227
51.8984298,19.3185215
51.8984541,19.3185571
51.8985571,19.3185029
51.8986697,19.3184768
51.8988745,19.3181894
51.8989542,19.3179963
51.8990998,19.3174756
51.8991479,19.3171415
51.8991491,19.3167551
51.8991766,19.3164907
51.8992295,19.3163837
51.8992953,19.3160645
51.8993248,19.3158133
51.8992947,19.3155672
51.8993216,19.3154189
51.8994881,19.3152214
51.8996926,19.3149125
51.899827,19.3146238
51.8997907,19.314533
51.8997505,19.3145063
51.8995569,19.3139428
51.8994264,19.3134853
51.8992961,19.3132336
51.8992388,19.3130652
51.8991686,19.3129602
51.8988129,19.3120004
51.8988046,19.3119422
51.8989043,19.311751
51.8989373,19.3116074
51.8989257,19.3116031
51.8989215,19.3116438
51.8988528,19.3117987
51.8987461,19.3119101
51.8988258,19.311833
51.8989022,19.3116796
51.8989704,19.3112683
51.8990245,19.3106267
51.8992097,19.3091253
51.8992739,19.3082895
51.8992602,19.3081602
51.8994044,19.306969
51.8994857,19.3061427
51.8996364,19.3059988
51.9000428,19.3058292
51.900084,19.3057236
51.9001722,19.3040104
51.900234,19.303202
51.9003582,19.3026579
51.9006488,19.3017374
51.900803,19.3010927
51.9008108,19.3008376
51.9007742,19.3006118
51.9006151,19.3000981
51.9002486,19.2991943
51.9001491,19.299079
51.9000297,19.2989965
51.8995574,19.2984946
51.8994499,19.2983311
51.899399,19.298158
51.8993103,19.2980549
51.8992838,19.2980554
51.8992284,19.2980953
51.8991193,19.2980215
51.8988277,19.2977716
51.8986628,19.2975745
51.897773,19.2966832
51.8972257,19.2960375
51.8967864,19.2956228
51.8966145,19.2954985
51.8965073,19.2953949
51.8963591,19.2952177
51.8961156,19.2950028
51.8960126,19.294862
51.8957901,19.2947075
51.8954805,19.2943375
51.8949651,19.2938651
51.8948365,19.2937171
51.8947468,19.2935615
51.8946524,19.2934485
51.8942033,19.2931269
51.8938895,19.2928481
51.8932811,19.2921991
51.8927276,19.2915165
51.892185,19.2909718
51.8914978,19.2903644
51.8911463,19.2899993
51.8906439,19.2894398
51.889967,19.2888566
51.8896258,19.2884754
51.8894566,19.2883259
51.8892474,19.2880866
51.8885047,19.2873529
51.8884083,19.2871339
51.8881842,19.2870088
51.888098,19.2868828
51.8880449,19.2867051
51.8879995,19.2860479
51.8879194,19.2856666
51.8878028,19.2849009
51.8877755,19.2846348
51.8877901,19.2843804
51.8877706,19.2841384
51.8876864,19.2839054
51.8875984,19.2835341
51.8875368,19.2829639
51.8874272,19.2824473
51.8873457,19.2819333
51.8873004,19.2816225
51.8872565,19.2810718
51.887198,19.2808124
51.8871479,19.2808222
51.8870846,19.2808608
51.8867333,19.2811114
51.8861951,19.2813807
51.8857045,19.2816791
51.8853463,19.2818555
51.8847998,19.2820913
51.8843487,19.2823156
51.8841897,19.2824121
51.883869,19.282554
51.8835369,19.2827329
51.8830506,19.2829588
51.882671,19.2831221
51.8824205,19.2832003
51.8822905,19.2832043
51.8822398,19.2831082
51.8821917,19.2829111
51.8821259,19.2824793
51.8819582,19.281601
51.8818459,19.2808297
51.8817525,19.280329
51.8816714,19.2796732
51.8814337,19.2783267
51.8812508,19.2762731
51.8812024,19.2760376
51.8810572,19.2755188
51.8808813,19.274434
51.8807256,19.2736443
51.8803901,19.2715826
51.8802976,19.2711858
51.8802458,19.2707915
51.8802112,19.2707206
51.8801268,19.2707065
51.8797673,19.2707402
51.8797232,19.2707272
51.8796823,19.2706906
51.879627,19.2705464
51.8795523,19.2701405
51.8789772,19.2667875
51.8788188,19.2655917
51.8787481,19.2649328
51.8785725,19.2642199
51.8783868,19.2630845
51.8781859,19.2620068
51.877898,19.2601614
51.8776039,19.2584541
51.8774967,19.2579321
51.8772497,19.2562618
51.8770654,19.255135
51.8766237,19.2527624
51.8761175,19.2494999
51.8759903,19.2489602
51.8757402,19.2476218
51.8756475,19.2464611
51.8755329,19.2456561
51.8754689,19.2453136
51.8753714,19.244561
51.8749656,19.2427595
51.8747382,19.2414804
51.8746746,19.2412844
51.8745902,19.2411238
51.8744526,19.240925
51.874195,19.2406598
51.8737478,19.2402776
51.8735266,19.2399986
51.8725677,19.2389565
51.8718982,19.2381426
51.8712609,19.2372607
51.870767,19.23651
51.8707514,19.23639
51.870754,19.235453
51.870776,19.2343288
51.870785,19.234209
51.8708777,19.2337336
51.8709374,19.2335165
51.8709697,19.2332975
51.870899,19.2324799
51.8709134,19.2323784
51.8709026,19.2322894
51.8708343,19.23202
51.8707557,19.2315802
51.8706606,19.2311861
51.8706159,19.2310804
51.8703821,19.2306175
51.8702675,19.2304786
51.8700898,19.2301994
51.8698947,19.2299872
51.8698793,19.2300251
51.8698561,19.2300009
51.8695771,19.2297756
51.8695772,19.2297756
51.8688368,19.2306876
51.8688369,19.2306876
51.8680429,19.2315995
51.8679034,19.2317497
51.8670558,19.232254
51.8666589,19.2325866
51.8663585,19.2328119
51.8656075,19.2332196
51.8653285,19.2333376
51.8650281,19.2334449
51.8645882,19.2335522
51.86432,19.2336809
51.8635153,19.2341637
51.8629145,19.2344748
51.8622065,19.2347645
51.8618202,19.2349576
51.8614877,19.2351937
51.8609726,19.2356443
51.859256,19.2366635
51.8589878,19.2368566
51.8587303,19.2371141
51.8583226,19.237554
51.8572711,19.2388308
51.8566274,19.2395067
51.8566275,19.2395067
51.8562091,19.2399466
51.8561232,19.23985
51.8559837,19.2398071
51.8546748,19.2395281
51.8547306,19.239172
51.8547306,19.2391717
51.8548142,19.2386376
51.854825,19.2384123
51.8548464,19.2377471
51.8548357,19.2362987
51.8549002,19.2349469
51.8550182,19.2337238
51.855061,19.2333698
51.8551468,19.2323076
51.8552327,19.2308485
51.8552327,19.230591
51.8551361,19.2290782
51.8549216,19.2277693
51.854707,19.2265784
51.8546533,19.2262458
51.8545997,19.2252373
51.8546104,19.2247438
51.8546855,19.2241215
51.8546855,19.2236924
51.8546319,19.2231237
51.854471,19.2217826
51.854192,19.2191648
51.8541921,19.2191648
51.8538701,19.2164933
51.8537736,19.2156994
51.8537451,19.2153813
51.8537233,19.2153868
51.8537087,19.2147725
51.8537257,19.2127013
51.8537204,19.2111038
51.8537492,19.2091675
51.8537787,19.2050268
51.8537585,19.2033699
51.853772,19.2024965
51.8537632,19.2018744
51.853794,19.201358
51.8538673,19.2012369
51.8539607,19.2011715
51.8540801,19.2011296
51.8541962,19.2011101
51.854571,19.2009635
51.8547738,19.2009326
51.8548238,19.2009109
51.8550056,19.2007862
51.8554424,19.2003895
51.8559745,19.1997244
51.8561974,19.1993785
51.856452,19.1990554
51.8567858,19.1985264
51.8570356,19.1978449
51.8570639,19.1976944
51.8570893,19.1969463
51.8572001,19.1965054
51.8572037,19.1963053
51.8571705,19.1961845
51.8571724,19.1960829
51.8571038,19.1955838
51.8570968,19.1954249
51.8571634,19.1952071
51.8573468,19.1948819
51.8573773,19.1947109
51.8574235,19.1945693
51.8577293,19.1941018
51.8579425,19.1935494
51.8580357,19.1934666
51.8584142,19.1929598
51.8589583,19.1925891
51.8595296,19.1925899
51.8596825,19.1925664
51.8607302,19.1925471
51.8617161,19.1925609
51.8621353,19.1925821
51.8622566,19.1925624
51.8627947,19.1926
51.8629133,19.1925889
51.8645083,19.1926197
51.8650541,19.1926135
51.8665767,19.1926617
51.8669745,19.1926894
51.8688606,19.1927159
51.8705204,19.1927812
51.8719919,19.1928144
51.8735572,19.1929275
51.8740981,19.1929477
51.8742069,19.1929427
51.8742848,19.1928535
51.8743122,19.1926946
51.8742376,19.1918328
51.8741479,19.1912193
51.8739768,19.1898152
51.873794,19.1875991
51.8737029,19.1868615
51.8732858,19.182825
51.8729659,19.1794292
51.8728259,19.1777273
51.8725568,19.1752443
51.8724587,19.1741028
51.872241,19.1719135
51.8718867,19.1689932
51.8716319,19.166407
51.8712747,19.1631819
51.8711738,19.1620221
51.8709828,19.1601669
51.8707265,19.1571846
51.8705982,19.1558668
51.8705566,19.1555894
51.8705289,19.1555321
51.8704891,19.1554929
51.8702192,19.155352
51.8699214,19.1552375
51.8698681,19.1551934
51.8698354,19.1551225
51.8698266,19.1550312
51.8698992,19.1539062
51.8699193,19.1517797
51.8698722,19.1510808
51.8697544,19.1498615
51.8697412,19.149285
51.869749,19.1488688
51.8697925,19.14828
51.8697899,19.1475535
51.8698102,19.1472399
51.869726,19.1460304
51.8696379,19.1454978
51.8696246,19.1452871
51.8696703,19.1447573
51.8695905,19.1441042
51.869552,19.142483
51.8694595,19.1418666
51.869432,19.1412071
51.8694887,19.1405791
51.8696117,19.1396757
51.8696851,19.1395361
51.8706912,19.1383867
51.8710006,19.1381363
51.8715201,19.1378513
51.8720965,19.1375972
51.872165,19.1374459
51.8721327,19.1373222
51.8717728,19.1366279
51.8715448,19.1359465
51.8714191,19.1352022
51.8712942,19.1336447
51.8712554,19.1328528
51.8712588,19.1313532
51.8712453,19.1308335
51.8712897,19.1301872
51.8714121,19.1289412
51.8713997,19.1288542
51.8710072,19.1282013
51.8647885,19.1195545
51.8646348,19.1193526
51.8645654,19.1192933
51.8645039,19.1192704
51.8639129,19.1191943
51.8637933,19.1191627
51.8635406,19.1191647
51.8632723,19.1191176
51.8628716,19.1190917
51.8607666,19.118867
51.8600068,19.1188038
51.859684,19.1187535
51.8593149,19.118662
51.8578894,19.1185042
51.8564633,19.1183102
51.8543806,19.1180816
51.8538327,19.1180356
51.8537016,19.1180429
51.8534005,19.1181491
51.853038,19.1184769
51.8521518,19.1193762
51.8510514,19.1204561
51.8509939,19.120506
51.8507965,19.1206244
51.8504724,19.1207854
51.8500702,19.1209323
51.8498656,19.1210508
51.8495833,19.1211168
51.8494375,19.1211737
51.8494414,19.1211917
51.8494595,19.1211933
51.8495061,19.1211494
51.8496999,19.1211374
51.8494714,19.1211655
51.8493258,19.1212202
51.8486258,19.1215738
51.847664,19.1219637
51.8466412,19.122467
51.8463149,19.1226037
51.8460762,19.1227249
51.8458616,19.1228068
51.8445351,19.1233948
51.8440915,19.1235354
51.8437191,19.1236951
51.842833,19.1240916
51.8423555,19.1243288
51.841497,19.124695
51.8408226,19.1250157
51.8401224,19.1253077
51.8389199,19.1258455
51.8385137,19.1260522
51.8379611,19.1262501
51.837305,19.1265662
51.8368702,19.1268168
51.8361203,19.1272945
51.835591,19.1275843
51.8353893,19.1276601
51.8350302,19.1278527
51.8339456,19.1285345
51.8338497,19.1285593
51.8336436,19.1287115
51.8330192,19.1290489
51.8326603,19.1292685
51.8322432,19.129483
51.8319664,19.1295805
51.8315158,19.1298489
51.8311893,19.1300233
51.8309259,19.1301982
51.8307886,19.1302454
51.8306152,19.1303753
51.8296715,19.1309132
51.8289243,19.131359
51.8287539,19.1314768
51.8284783,19.1316116
51.8281053,19.1318212
51.8269747,19.1325206
51.8265419,19.1327484
51.8253748,19.1334335
51.8247494,19.1337414
51.8245707,19.1338459
51.823975,19.134277
51.8231179,19.1347646
51.8230483,19.1348198
51.822376,19.1351716
51.8216967,19.1356194
51.821214,19.135884
51.8208028,19.1360738
51.8201351,19.1364541
51.8200744,19.1365602
51.8200526,19.1366938
51.8200482,19.1368906
51.8200423,19.1406845
51.8200808,19.1430976
51.8200596,19.1438034
51.8198603,19.146212
51.8197146,19.1474372
51.819592,19.147859
51.8194222,19.1481419
51.8191774,19.1484882
51.8190098,19.1487913
51.8187899,19.1491251
51.8186726,19.1492529
51.818241,19.1499311
51.8180767,19.1502141
51.8180319,19.1503264
51.8179676,19.1507671
51.8177406,19.1520425
51.8176753,19.1527199
51.8176724,19.1528878
51.8175076,19.1542295
51.8172505,19.1552587
51.8172171,19.1555373
51.8171496,19.155874
51.8170844,19.1560329
51.817047,19.1561983
51.8169844,19.1566326
51.8170083,19.1569362
51.8169663,19.1570758
51.8169063,19.15718
51.8166047,19.1575102
51.8165136,19.1575738
51.8158166,19.1584175
51.815335,19.1589654
51.8151671,19.1591306
51.8149089,19.1593481
51.8146896,19.1595794
51.8139991,19.1602034
51.8133801,19.1608731
51.8130059,19.1612448
51.8127032,19.1614655
51.812634,19.1614836
51.8118738,19.1615208
51.8116484,19.1614977
51.8113105,19.1615529
51.8111987,19.161646
51.8111423,19.1618137
51.8111416,19.1619182
51.811204,19.1640472
51.8112536,19.1649919
51.8113713,19.165916
51.8113932,19.1663234
51.8113008,19.166846
51.8109528,19.1682547
51.810818,19.1690407
51.8107531,19.1695367
51.8105087,19.171821
51.810514,19.1718727
51.8104054,19.1722902
51.8103049,19.1724768
51.8102004,19.1726073
51.8100614,19.1727174
51.8097028,19.1729498
51.8093408,19.1733618
51.8088718,19.1739432
51.8086934,19.1740831
51.8085603,19.1741127
51.8082948,19.1740163
51.8082398,19.1739746
51.8077508,19.1733592
51.8075795,19.1730994
51.8072286,19.1724048
51.8070142,19.1721328
51.8065223,19.1716271
51.8063817,19.1715632
51.8063128,19.1715778
51.8062469,19.1716147
51.8061368,19.1717174
51.8056339,19.1723348
51.8051843,19.1728552
51.8049077,19.173229
51.8043662,19.1738126
51.8042937,19.1738299
51.8040123,19.1737814
51.803663,19.1737842
51.8032055,19.1738956
51.8028796,19.1739521
51.802719,19.1740045
51.8024002,19.1742323
51.8021952,19.1744237
51.8020201,19.1746135
51.8019742,19.1747411
51.8019565,19.1748733
51.8019532,19.1755695
51.8018125,19.1774865
51.8018155,19.1777696
51.8017648,19.1784157
51.8017513,19.1792047
51.8016389,19.1814417
51.8014994,19.1847919
51.8013794,19.1872485
51.8013313,19.187941
51.8012123,19.1906937
51.8011275,19.1918996
51.8010382,19.1939742
51.8009333,19.1957364
51.8007766,19.1994672
51.8007464,19.1998608
51.8007482,19.1998606
51.8007194,19.2004859
51.8005907,19.2030394
51.8005908,19.2032003
51.8006014,19.203372
51.8008804,19.2048418
51.8008912,19.2049276
51.8008911,19.2050135
51.8007624,19.2056143
51.800065,19.209026
51.800065,19.2091977
51.7995179,19.2092514
51.7985415,19.2093586
51.7983055,19.2093586
51.7973828,19.2094337
51.7962348,19.2095518
51.7953443,19.2096376
51.7951619,19.2096269
51.7950654,19.2094874
51.7948186,19.2089617
51.7947649,19.2088973
51.7946791,19.2088651
51.79425,19.2089831
51.7938423,19.2090582
51.7933595,19.2092084
51.7922973,19.2094659
51.7925012,19.2100024
51.7926514,19.2103886
51.7944109,19.2148947
51.794411,19.2148947
51.7945933,19.2153775
51.7944772,19.2162493
51.7944772,19.2162496
51.7941319,19.2188429
51.7940033,19.2198193
51.7934132,19.2242074
51.7928982,19.2280375
51.7926406,19.2299258
51.7926407,19.2299258
51.7922441,19.2329328
51.7922441,19.2329331
51.7921257,19.2338311
51.791997,19.2347002
51.7916429,19.2371785
51.791321,19.2397105
51.7912673,19.2399787
51.7911815,19.2402791
51.7910635,19.2405688
51.7908061,19.2409873
51.7905164,19.2414036
51.7905163,19.2414037
51.7904627,19.2414808
51.790291,19.2417812
51.7901408,19.2421352
51.7901409,19.2421352
51.7889606,19.2411267
51.7886817,19.2409336
51.7882847,19.2404079
51.7878127,19.2400002
51.7876839,19.2396676
51.7876088,19.2395925
51.7862784,19.2387127
51.7862033,19.2387878
51.7860425,19.2388415
51.7858171,19.2390453
51.7857996,19.2390599
51.7858159,19.2391108
51.7855412,19.2393587
51.7852457,19.2395748
51.7849165,19.2398615
51.7844339,19.2402449
51.7842504,19.240302
51.7839307,19.2403094
51.7826829,19.240138
51.7823966,19.240115
51.7816906,19.2400137
51.7806025,19.2398137
51.7797233,19.2396017
51.7796005,19.2395856
51.7789714,19.2395706
51.7786606,19.2395278
51.7779428,19.2394812
51.7774015,19.239411
51.776583,19.2393933
51.7756986,19.2392664
51.7754212,19.239258
51.7750886,19.2392131
51.775046,19.2392202
51.7746738,19.2393567
51.7742953,19.2396529
51.7742269,19.2397329
51.7741902,19.2398129
51.7741341,19.2400014
51.7738689,19.2412022
51.7735575,19.2427834
51.773455,19.243039
51.7727308,19.2428837
51.7726427,19.2428906
51.7725505,19.2429256
51.7723262,19.2430978
51.7721689,19.2431353
51.7719901,19.2431127
51.7713792,19.2429293
51.7708602,19.2428167
51.7701609,19.2426165
51.7688204,19.2423124
51.7686043,19.2422393
51.767897,19.2420645
51.7666811,19.2418105
51.7661936,19.2416922
51.7660688,19.241676
51.7659552,19.2417125
51.7658537,19.2418161
51.7657255,19.2420124
51.7656768,19.2420581
51.7656255,19.2420898
51.7655045,19.2420922
51.7641254,19.2418201
51.7631892,19.2416612
51.7627857,19.2415629
51.7613497,19.2413033
51.7596309,19.2409608
51.7594142,19.2409396
51.759212,19.2408861
51.758983,19.2408654
51.7589244,19.2409267
51.7589342,19.2415983
51.7589163,19.2416713
51.7588838,19.2417245
51.7588402,19.2417452
51.7586398,19.2417244
51.7580808,19.2416188
51.7577626,19.2415363
51.7574916,19.2414016
51.7572043,19.2413142
51.7566672,19.2412825
51.756503,19.2413266
51.7563818,19.2413945
51.7562697,19.2415086
51.7557738,19.2424395
51.7552452,19.2431089
51.7551741,19.243253
51.7550364,19.2436409
51.7548878,19.2439555
51.7547566,19.2440639
51.7545785,19.244146
51.7544385,19.2443926
51.7542598,19.2446313
51.7536779,19.2451068
51.7529631,19.2456556
51.7527152,19.2458351
51.7523185,19.2460583
51.751997,19.2462658
51.7517428,19.2464701
51.7515651,19.2465156
51.7512475,19.2466945
51.750875,19.246856
51.7505242,19.2470528
51.7502208,19.2471848
51.7502336,19.2476594
51.7501877,19.2477257
51.7499777,19.2476998
51.7498364,19.2477021
51.7496797,19.2476602
51.749508,19.247641
51.7492444,19.2475758
51.748479,19.2474278
51.7484125,19.2474568
51.7483954,19.2475054
51.7483906,19.2480606
51.7483666,19.2481073
51.7483348,19.2481282
51.7463459,19.2477576
51.7458834,19.2476454
51.7457246,19.2476483
51.7456218,19.2478711
51.7455927,19.2478882
51.7454119,19.2479074
51.7446831,19.2477513
51.7445619,19.247701
51.7442392,19.2476777
51.7438135,19.2476031
51.7434138,19.2475184
51.7431569,19.2474391
51.7430021,19.2474335
51.7402138,19.2468863
51.7401386,19.2468823
51.7400186,19.2469384
51.7399256,19.2471059
51.7394454,19.2485385
51.7391923,19.2492267
51.7389426,19.2498146
51.7385375,19.2509959
51.7382723,19.2518435
51.7378727,19.2528682
51.7376113,19.2536873
51.737438,19.2544087
51.7371883,19.2551569
51.7367974,19.2561919
51.7367056,19.2563773
51.7366757,19.2563934
51.7366405,19.2563892
51.7365807,19.2563183
51.7364379,19.2560336
51.7361338,19.2555092
51.7353888,19.2541329
51.7351219,19.2537277
51.7349055,19.2533504
51.7346528,19.2529587
51.7344149,19.2526523
51.7343489,19.2525316
51.7340664,19.2522561
51.7339511,19.2521169
51.7337967,19.2519841
51.733544,19.2516961
51.7327094,19.2508412
51.7325567,19.2506593
51.7318285,19.2499661
51.7309414,19.2490443
51.7304324,19.2485752
51.729786,19.2478799
51.7285128,19.2466108
51.7279505,19.2460954
51.7276238,19.2457734
51.7275584,19.2457699
51.727417,19.2459555
51.7274999,19.2458934
51.7275991,19.2457824
51.727644,19.2457728
51.7279645,19.2460855
51.7280364,19.2461793
51.7281746,19.2462881
51.7282129,19.2462958
51.7278732,19.2460348
51.7276786,19.2458467
51.7276215,19.2458087
51.7275582,19.2458006
51.7268117,19.246924
51.7253775,19.2490142
51.7250838,19.2493705
51.724975,19.249366
51.7242462,19.2487263
51.7240299,19.2486638
51.7237949,19.2485727
51.7225953,19.2480774
51.7221275,19.2478484
51.7207497,19.2472311
51.7205299,19.2471195
51.7202421,19.2469058
51.7191694,19.2462867
51.7186632,19.2459477
51.7179471,19.2455142
51.7179051,19.2453704
51.7179088,19.2453128
51.7180298,19.2448027
51.7180725,19.2445082
51.7180506,19.2439602
51.7181935,19.2432107
51.7184021,19.2418074
51.7183755,19.2416526
51.7182735,19.2414879
51.718207,19.241324
51.7181756,19.2411654
51.7181899,19.2409691
51.7182809,19.2406412
51.7184416,19.2398224
51.7186797,19.2390037
51.7187105,19.2387773
51.7186947,19.2386814
51.7184062,19.2377094
51.7181689,19.2367603
51.71803,19.2364043
51.7178614,19.2361569
51.717762,19.236091
51.717605,19.2360625
51.7174245,19.2360873
51.7170282,19.2361036
51.7167637,19.2360813
51.7166372,19.2360217
51.7165361,19.2359431
51.7163481,19.2357724
51.7162753,19.2356835
51.7162462,19.235619
51.7161932,19.2353366
51.7161959,19.235123
51.7162388,19.2346303
51.7162604,19.2336895
51.7162394,19.2336349
51.716187,19.2335979
51.7159737,19.233594
51.7146029,19.2334204
51.7145569,19.2334295
51.7144534,19.2334858
51.714221,19.2336556
51.7138791,19.2338319
51.7138329,19.2338697
51.7137632,19.2339754
51.7137235,19.2341323
51.7137598,19.2347602
51.7137459,19.2349182
51.7136921,19.2350928
51.7135329,19.2352782
51.7134793,19.2353147
51.7133189,19.2353742
51.711889,19.2355077
51.7104866,19.2356852
51.7088188,19.2358615
51.7078439,19.235952
51.7072832,19.2359485
51.7066137,19.2360374
51.70656,19.2360157
51.7065274,19.2359693
51.7065082,19.2357842
51.7064577,19.2356379
51.7063702,19.2356056
51.7042395,19.2361099
51.7027232,19.236424
51.7024879,19.2364876
51.7015815,19.2366809
51.7000851,19.2370479
51.6996013,19.2371868
51.6992221,19.2372767
51.6990274,19.2372637
51.698825,19.2372018
51.6980582,19.2370246
51.6975669,19.236875
51.6971154,19.2367608
51.6968869,19.2367221
51.695711,19.2364002
51.6940503,19.2358724
51.6929938,19.2355878
51.6906937,19.2347941
51.6900575,19.2346521
51.6896217,19.2345101
51.689533,19.2345169
51.6894038,19.2345646
51.6892577,19.2345753
51.688904,19.2345452
51.6887869,19.2345761
51.6878849,19.2344765
51.6873735,19.2343206
51.6872382,19.2343008
51.686897,19.2342076
51.6865505,19.2340796
51.6860707,19.2339573
51.6855271,19.2337418
51.6848955,19.233549
51.6846272,19.2334387
51.6841925,19.2332057
51.6837254,19.2330891
51.6836658,19.2330933
51.6835814,19.2331277
51.6834684,19.2332699
51.6833757,19.2334938
51.68324,19.2340849
51.6831725,19.2341916
51.6830846,19.2342457
51.6827897,19.2342006
51.6826064,19.2341891
51.6824228,19.234135
51.6819774,19.2340639
51.6815959,19.2339595
51.6813258,19.2339599
51.6804235,19.2338025
51.6803432,19.2338056
51.6788875,19.2336428
51.6785851,19.2335725
51.678208,19.2335133
51.6776961,19.233473
51.6775715,19.2334164
51.677325,19.2334267
51.6768713,19.2333383
51.6765317,19.2333178
51.676257,19.2333227
51.6753864,19.2334365
51.6751074,19.2334964
51.6749575,19.2335057
51.6748677,19.2334389
51.674353,19.2322528
51.6740088,19.2315922
51.6738863,19.2312456
51.6737093,19.2308943
51.6735682,19.2305324
51.6735307,19.2303868
51.6734166,19.2301231
51.6733782,19.2299412
51.6732118,19.2294577
51.6728688,19.2287955
51.6724779,19.2277949
51.6724254,19.227732
51.6721375,19.2272055
51.6720815,19.2271538
51.671916,19.2268941
51.6717482,19.2266886
51.6717215,19.2266444
51.6717459,19.226603
51.6715765,19.2263424
51.667006,19.2279839
51.6661906,19.2279839
51.6650533,19.2278981
51.6576075,19.2309129
51.6575514,19.2305007
51.6575514,19.2305008
51.6566848,19.2241322
51.6578757,19.2236173
51.6584873,19.223392
51.6590237,19.2231345
51.6592597,19.2229199
51.6594529,19.2225658
51.6596889,19.2219436
51.6598391,19.2216539
51.6599357,19.2215359
51.660043,19.22145
51.6603327,19.2212891
51.6604828,19.2211925
51.6605901,19.2210638
51.6606867,19.2207741
51.6607618,19.2204844
51.660824,19.2205062
51.6608917,19.2201559
51.6609197,19.2198663
51.6610443,19.2194579
51.6612401,19.2190796
51.6613163,19.2189753
51.6614115,19.2187776
51.6614896,19.2184815
51.6615055,19.2182414
51.6615016,19.2179974
51.6614139,19.217066
51.6614149,19.2165859
51.661339,19.2160042
51.6609537,19.2147504
51.6609348,19.2144993
51.6609594,19.2141578
51.6609585,19.2137879
51.661002,19.212779
51.6610249,19.2115196
51.6610692,19.2106043
51.6610616,19.2100847
51.6610759,19.2097155
51.6610531,19.2093257
51.6610644,19.2087556
51.6611023,19.2081185
51.6611018,19.2077773
51.6611307,19.2075889
51.661169,19.2050481
51.6612262,19.2034018
51.6612251,19.203037
51.6611807,19.2027827
51.660734,19.2023389
51.6600287,19.2017418
51.6599607,19.2017105
51.659617,19.2014201
51.658911,19.2009621
51.6587193,19.2007943
51.6579904,19.2002423
51.6576168,19.1999171
51.6567562,19.1992616
51.6564359,19.1989979
51.6561183,19.198698
51.6555424,19.1982069
51.6551021,19.197792
51.654926,19.1976422
51.6548427,19.1975942
51.6540468,19.1967958
51.6537195,19.1963996
51.653374,19.1960338
51.6527957,19.1954948
51.6521485,19.1948025
51.6511139,19.1934278
51.6507152,19.1929617
51.6504654,19.1926077
51.6500717,19.1922243
51.6492858,19.1915301
51.648796,19.1911394
51.6484139,19.1908906
51.6481086,19.1907239
51.6470485,19.1898893
51.6462378,19.189272
51.645707,19.1888937
51.6446389,19.1882074
51.6440424,19.1878578
51.6433031,19.1873693
51.6429859,19.1872296
51.6425919,19.1869775
51.6417277,19.1863256
51.6410365,19.18577
51.6394811,19.1845769
51.6377112,19.1831719
51.6366113,19.1823522
51.6363287,19.1820754
51.6361663,19.1819838
51.635869,19.1821233
51.635033,19.1823183
51.6349395,19.1823677
51.6347356,19.1824403
51.6342751,19.1825646
51.634215,19.1825676
51.6339544,19.1826481
51.6337548,19.182723
51.6336769,19.1827677
51.6332043,19.1828671
51.6330347,19.1828872
51.6329412,19.1829362
51.6325382,19.1830601
51.6320284,19.1831367
51.6317147,19.1831534
51.6303851,19.1833011
51.6299936,19.1833353
51.629888,19.183325
51.6292711,19.1834197
51.6288891,19.1834616
51.6286318,19.1835197
51.6282449,19.1835428
51.6277923,19.1836338
51.6275181,19.1836075
51.6272234,19.1836687
51.6269079,19.1836809
51.626477,19.1837425
51.6263824,19.1837876
51.625659,19.1846613
51.623759,19.1871092
51.6227053,19.1883997
51.6227222,19.1884351
51.6225671,19.1886305
51.6226315,19.1888558
51.6226637,19.1890597
51.6227924,19.1897463
51.6228032,19.1900038
51.6226959,19.1909587
51.6226422,19.1922247
51.6225564,19.1931259
51.6225564,19.1934585
51.6225671,19.1936624
51.6225349,19.1940379
51.6225242,19.1943919
51.6224062,19.195615
51.6223526,19.1958618
51.6222667,19.1960871
51.6210226,19.198151
51.6210224,19.1981513
51.6208827,19.198383
51.6202497,19.1993808
51.6198956,19.1999495
51.6197669,19.2000353
51.6196489,19.2000138
51.6194987,19.1998207
51.6193328,19.1995572
51.6171505,19.2029643
51.6171092,19.202991
51.6172242,19.2034471
51.6179645,19.206494
51.6176516,19.2066997
51.6176515,19.2066998
51.6175889,19.2067408
51.6168809,19.2042839
51.6162693,19.2050886
51.6150785,19.2061293
51.6147351,19.2063653
51.6144883,19.2064726
51.6139948,19.2074382
51.6139483,19.2075908
51.6139483,19.2075911
51.6136944,19.2084252
51.6135656,19.2085862
51.6132116,19.209026
51.6128791,19.2097985
51.6127718,19.2100346
51.6125464,19.2105174
51.6124176,19.2108929
51.612246,19.2113864
51.6114521,19.2129313
51.6112267,19.2132532
51.6110873,19.2137897
51.6109907,19.2143046
51.6101968,19.2147338
51.6099929,19.2149698
51.6099452,19.2149276
51.6099452,19.2149274
51.6089844,19.2140793
51.6081905,19.2132854
51.6076326,19.2118906
51.6072463,19.2104315
51.6066884,19.2079317
51.6064336,19.2080951
51.6064335,19.2080951
51.6064412,19.2081269
51.606099,19.2082874
51.6050989,19.2088019
51.6047397,19.2090663
51.6042611,19.209512
51.6040312,19.2097735
51.6038038,19.2100657
51.6035677,19.2103009
51.6034203,19.2104045
51.6033471,19.2104781
51.6030813,19.2109836
51.6027422,19.2115323
51.6025424,19.2120515
51.6023088,19.2125511
51.6021522,19.2129701
51.6018892,19.2135131
51.6018736,19.2135805
51.6017873,19.2137372
51.6016665,19.2138869
51.6015351,19.2141353
51.6013538,19.2143641
51.6013007,19.2144876
51.6011348,19.2147584
51.6010871,19.214869
51.6005957,19.2155382
51.6005137,19.2156711
51.6004088,19.2159034
51.6002074,19.2161843
51.5999304,19.2165262
51.5996653,19.2169275
51.5993772,19.2173168
51.5989689,19.2176545
51.5987581,19.2177809
51.5986657,19.2178608
51.598542,19.2178611
51.5982214,19.218071
51.5974746,19.2187186
51.5972885,19.2188366
51.5971062,19.2190139
51.5970459,19.2190956
51.5969271,19.219269
51.5967889,19.2195614
51.5966946,19.2196651
51.5964409,19.2198319
51.5962287,19.2200742
51.5959423,19.220335
51.5958481,19.2204632
51.5957237,19.22055
51.5956422,19.2206415
51.5955734,19.220688
51.5952951,19.220694
51.5951388,19.2208145
51.5949918,19.2211593
51.5949177,19.2211717
51.5947633,19.2210723
51.5944735,19.2207422
51.5943754,19.2206627
51.5943183,19.2206762
51.5942167,19.2207608
51.5941573,19.2209107
51.5941494,19.2214991
51.5941197,19.2216458
51.5940361,19.2218354
51.5939196,19.2222967
51.5938218,19.2223789
51.5936595,19.2224347
51.5934253,19.2225617
51.5928454,19.2230487
51.5923625,19.2234865
51.5922756,19.2235723
51.5920655,19.2238341
51.5918402,19.2240499
51.5913568,19.2244246
51.5910899,19.2246093
51.5909325,19.2246592
51.5904049,19.2247462
51.5903645,19.2248342
51.5903017,19.2248968
51.5902459,19.2251824
51.5901235,19.2255081
51.589825,19.2259619
51.5897557,19.2261085
51.5897049,19.2263235
51.5893056,19.2269572
51.5892979,19.2270392
51.5892136,19.2271621
51.5891974,19.2272506
51.5891005,19.2274522
51.5890031,19.2275702
51.5888749,19.2276713
51.5888067,19.2277547
51.588129,19.2287565
51.5880128,19.2287799
51.5878743,19.229001
51.5876262,19.2292725
51.5874167,19.2295472
51.587293,19.2297857
51.5871694,19.2299075
51.5868039,19.2301869
51.5866354,19.230453
51.5864095,19.2306278
51.586293,19.230943
51.5861291,19.2312074
51.5860317,19.2312789
51.585995,19.2312881
51.5858104,19.2314296
51.5857416,19.2315051
51.5856543,19.2316516
51.5855226,19.2318183
51.5852763,19.2320431
51.5849974,19.2323778
51.584831,19.2325019
51.5844741,19.2328276
51.5843219,19.2330004
51.5842007,19.2330317
51.5840627,19.2331726
51.5839083,19.2332508
51.583854,19.2333107
51.5837081,19.2333659
51.5836359,19.2334204
51.5835537,19.2334958
51.5834823,19.2336277
51.583333,19.2336795
51.5832244,19.2337936
51.5831638,19.2338816
51.5830555,19.2339568
51.5828437,19.2341516
51.5826971,19.2341992
51.5826362,19.2342411
51.5824943,19.234293
51.5824056,19.2343655
51.5821484,19.2346743
51.5820163,19.2348875
51.5819852,19.2348668
51.5819602,19.2348886
51.5818158,19.2349149
51.5817716,19.2348808
51.5817327,19.2348773
51.5816602,19.2349569
51.5814524,19.2352836
51.5813328,19.2356147
51.5811629,19.235946
51.5811208,19.2360718
51.5811138,19.2362153
51.5810375,19.2363689
51.5809145,19.2365854
51.5807479,19.2367676
51.5807102,19.2369228
51.5806911,19.2371698
51.5806173,19.237352
51.5803944,19.237649
51.5802872,19.2379157
51.580215,19.2381463
51.5801001,19.2383034
51.5800158,19.2384974
51.5799688,19.2387228
51.5798066,19.2390025
51.5797251,19.2390892
51.5797293,19.2393066
51.5796926,19.2395466
51.5796629,19.2396294
51.5795114,19.2397792
51.5791451,19.2401987
51.5789923,19.2404054
51.5789293,19.2405417
51.5789029,19.2408129
51.5788516,19.2410316
51.5788211,19.2412905
51.5788324,19.2414546
51.5787796,19.2415488
51.578669,19.2416796
51.5784704,19.2418508
51.5782984,19.2419062
51.5782252,19.2419644
51.577942,19.2421149
51.5778153,19.2422162
51.5776561,19.2423862
51.5774488,19.2426481
51.5773328,19.2428429
51.5772501,19.2430285
51.5771741,19.2433203
51.5771629,19.2433913
51.5771891,19.2435255
51.5771296,19.2437519
51.5769931,19.243959
51.5768381,19.2443248
51.5767674,19.2444431
51.5767483,19.2447995
51.5766827,19.245046
51.5766843,19.2451635
51.5767282,19.2452779
51.5767666,19.2460665
51.5768552,19.2465638
51.5768579,19.2468075
51.57688,19.2469346
51.5767935,19.2472869
51.5767254,19.2476737
51.5767542,19.2479909
51.5767516,19.2481734
51.5768458,19.2486209
51.5768347,19.2486822
51.5768524,19.2487157
51.576951,19.2487984
51.5772209,19.2489163
51.5776181,19.2488389
51.5777937,19.248732
51.5778752,19.2486492
51.5782661,19.2481244
51.5784923,19.2479795
51.5787294,19.2478788
51.5791733,19.2477263
51.5802103,19.2475061
51.5804187,19.2474803
51.5804517,19.2475359
51.580414,19.247683
51.5802792,19.2479476
51.5798751,19.248558
51.5796014,19.2490343
51.5788462,19.2504586
51.5784481,19.2514985
51.5783911,19.2517515
51.5783004,19.2519684
51.5781103,19.2523376
51.5779068,19.2526719
51.5778011,19.2529083
51.5778047,19.2529901
51.5776533,19.2533972
51.5773802,19.2544259
51.5773392,19.254627
51.5773083,19.2549109
51.5772329,19.2551484
51.5770362,19.2554999
51.5769179,19.2556452
51.576566,19.2559863
51.5763491,19.2562421
51.576071,19.2566449
51.5758051,19.2569338
51.575583,19.2572121
51.5753966,19.2575118
51.5751323,19.2577252
51.5749406,19.257982
51.5747878,19.2581332
51.5746789,19.2582323
51.5745031,19.2583349
51.5743013,19.2585873
51.5741242,19.2587728
51.573975,19.2588902
51.5736351,19.2592777
51.5734932,19.2594014
51.5732625,19.2596626
51.5731755,19.2597902
51.5730829,19.2598757
51.5730608,19.2599409
51.5728631,19.26015
51.5726711,19.2604028
51.5724591,19.2606068
51.5723128,19.2608136
51.5720632,19.2609979
51.5718572,19.261301
51.5717242,19.2614621
51.57156,19.261714
51.571472,19.261941
51.5713488,19.262444
51.5709235,19.2643994
51.5702406,19.2669948
51.5700924,19.2674306
51.5699456,19.2677352
51.5697025,19.2681139
51.5693813,19.2687119
51.5686467,19.2699616
51.5684376,19.2703053
51.5679786,19.2709743
51.5667061,19.2731069
51.5650865,19.2756452
51.5649206,19.2759304
51.5646965,19.2763745
51.564383,19.2768999
51.5640738,19.2773741
51.5636076,19.2777156
51.5632964,19.2779214
51.5615449,19.2786804
51.5613989,19.2787574
51.5613041,19.2788276
51.5610557,19.2789385
51.5609614,19.279008
51.5607272,19.2790973
51.5605705,19.2791958
51.560117,19.2793547
51.5599437,19.2793849
51.5595796,19.2795413
51.559371,19.2796009
51.5591094,19.2797233
51.5589632,19.2797662
51.5587365,19.2798625
51.5585909,19.2799458
51.5582561,19.2800727
51.557706,19.2803954
51.5575703,19.2805349
51.5571059,19.2811145
51.5569561,19.2814241
51.5569039,19.2816655
51.5568882,19.2820063
51.556897,19.2822799
51.5569375,19.2827005
51.5569226,19.2832339
51.5568973,19.283462
51.556922,19.2838789
51.5568913,19.2840524
51.5568582,19.2845691
51.5568767,19.2848102
51.5568269,19.2853456
51.5566816,19.2860982
51.5566695,19.2863027
51.5566864,19.2866932
51.5566783,19.2868447
51.5566353,19.2869893
51.5566003,19.2870319
51.5565555,19.2870498
51.5564594,19.2870541
51.5556995,19.2868642
51.5552143,19.2867881
51.5550988,19.2868206
51.5549865,19.2868944
51.554819,19.2870696
51.5540659,19.2881728
51.5539954,19.2883137
51.5539063,19.2885745
51.5538544,19.2887718
51.5538259,19.2889867
51.5537497,19.2898346
51.5536409,19.2907718
51.5535553,19.2912538
51.5535261,19.2913429
51.5534863,19.2914149
51.5533699,19.2914668
51.5527498,19.2911555
51.5526895,19.2911625
51.5526437,19.2912121
51.5526187,19.2912914
51.552591,19.2924184
51.5526617,19.2975229
51.552636,19.2987436
51.5526136,19.3019105
51.5526001,19.302626
51.5525744,19.3028613
51.5524824,19.3031933
51.5516545,19.3077774
51.5515497,19.3082436
51.5511112,19.3107451
51.5507983,19.3123675
51.5504359,19.3145094
51.550349,19.3149177
51.549528,19.3195033
51.5493786,19.3203839
51.5491412,19.3220118
51.5490923,19.3225146
51.549094,19.3227007
51.5491462,19.3231043
51.5491641,19.3236517
51.5492136,19.3243392
51.5492577,19.3247689
51.549284,19.3256163
51.549329,19.3258715
51.5493625,19.3264196
51.5493888,19.3265324
51.5494171,19.3268813
51.5494744,19.3281251
51.5494603,19.3286526
51.5494842,19.3291062
51.5494708,19.3296565
51.5495255,19.3300458
51.5496416,19.3318802
51.5496578,19.3319542
51.5497442,19.3321327
51.5498725,19.3322286
51.5505268,19.3324668
51.5505941,19.3324982
51.5506071,19.3325186
51.5505962,19.3325502
51.5508304,19.3326356
51.5510083,19.332677
51.5511069,19.3327336
51.5512216,19.332833
51.5513254,19.3329802
51.5514672,19.3333646
51.5515914,19.3336319
51.5518374,19.3340167
51.5527165,19.335233
51.5532058,19.3360481
51.5534052,19.3363249
51.5540648,19.3370998
51.5543001,19.3374463
51.5545228,19.3378246
51.5548589,19.3384561
51.5551014,19.3390863
51.5551255,19.3393322
51.5551719,19.339541
51.5552904,19.339877
51.5553389,19.3400974
51.555413,19.3405043
51.5554225,19.3407363
51.5555424,19.3412658
51.5556266,19.3414259
51.5557189,19.341653
51.5560948,19.3423817
51.5563472,19.3428025
51.5565587,19.3432103
51.557222,19.343526
51.5573028,19.3435792
51.5573629,19.3436667
51.5573896,19.3438396
51.557417,19.3444349
51.5574405,19.3445489
51.5574943,19.3452313
51.5575443,19.3465881
51.5575592,19.3473092
51.5574594,19.348139
51.55736,19.348537
51.5571799,19.349092
51.5569585,19.3495908
51.5560857,19.3514006
51.5560196,19.3516597
51.5560395,19.3517136
51.5561058,19.3517519
51.556183,19.3518713
51.5566405,19.352702
51.5568233,19.3531495
51.5570196,19.353552
51.5571261,19.3539897
51.5573611,19.3544545
51.5574213,19.3545556
51.5575794,19.3547553
51.5576923,19.3548205
51.5578682,19.3546248
51.5579929,19.3543782
51.558094,19.3540916
51.5582213,19.3536388
51.5583778,19.353508
51.5585477,19.353411
51.5587773,19.3533178
51.5589503,19.3533703
51.5590196,19.3534085
51.5590922,19.3536037
51.5592607,19.3538389
51.5593392,19.3540101
51.5594484,19.3544889
51.559522,19.354735
51.5595652,19.35483
51.5596117,19.3548997
51.5596708,19.3549431
51.5596957,19.3550996
51.5597633,19.3551934
51.5598498,19.3552841
51.5599393,19.355336
51.5599996,19.3554205
51.5601857,19.3557868
51.5603363,19.3566034
51.5603366,19.3568861
51.5603664,19.3571741
51.5603882,19.3577995
51.5604078,19.3578871
51.5603902,19.357928
51.5604348,19.358116
51.5604612,19.3583514
51.5605589,19.3586829
51.5606992,19.3594491
51.5607319,19.3602054
51.5607855,19.3604497
51.5609127,19.3606991
51.5610732,19.3608389
51.5611052,19.3608391
51.561166,19.3608756
51.5613154,19.3610073
51.5618624,19.3611556
51.5626223,19.3612414
51.5629145,19.3613353
51.5637175,19.3615144
51.564087,19.3615696
51.5648223,19.3617146
51.5649264,19.3617789
51.5649957,19.3619237
51.5650085,19.3619866
51.5652522,19.3633769
51.5653737,19.3641727
51.5653913,19.3642678
51.565437,19.364357
51.5654902,19.3641988
51.5656861,19.3634153
51.5660121,19.3620398
51.5661272,19.3614635
51.5663502,19.3606897
51.5664448,19.360211
51.5666093,19.3596678
51.5667058,19.3591648
51.56703,19.3580162
51.5671718,19.3574571
51.5672198,19.3570652
51.5672159,19.3565101
51.5672555,19.3561129
51.5672964,19.3559002
51.5672994,19.3555723
51.5673772,19.354876
51.567349,19.3543911
51.5674072,19.3538632
51.5674435,19.3531782
51.5674417,19.3528959
51.567369,19.3522844
51.567369,19.3518032
51.5673972,19.3513115
51.5674289,19.3511287
51.5674827,19.3508499
51.5676367,19.3503309
51.5677175,19.3499055
51.56778,19.3497564
51.5679697,19.3488437
51.5681775,19.3481338
51.5683556,19.3474045
51.5688525,19.3451509
51.5690455,19.3444068
51.5690883,19.3441562
51.5691973,19.3437775
51.5692751,19.3433834
51.5696392,19.3419994
51.5697139,19.3418931
51.569786,19.3418818
51.5700116,19.3420109
51.5703144,19.3421492
51.5715175,19.3426474
51.5717362,19.3427272
51.5720369,19.342771
51.5727558,19.3430862
51.5732537,19.3432416
51.5733757,19.3433108
51.5736384,19.3433745
51.5738173,19.3434442
51.5750091,19.3439657
51.5754949,19.3441132
51.5758248,19.3442289
51.5759264,19.3442799
51.5761318,19.3443293
51.5762486,19.3443873
51.576443,19.3444543
51.5768062,19.3445614
51.5770951,19.3446268
51.5775229,19.3447928
51.5776732,19.3448079
51.5780818,19.3448985
51.57846,19.3450492
51.5786068,19.3450889
51.5789221,19.3452405
51.5793645,19.3453881
51.5799684,19.3455346
51.5806973,19.3458412
51.5810082,19.3459291
51.5811465,19.3459563
51.5812688,19.345954
51.5814108,19.345874
51.5815362,19.3457167
51.5815496,19.3456367
51.5815867,19.3455535
51.5816384,19.3452321
51.581653,19.3447415
51.581624,19.3446026
51.5816077,19.3443847
51.5815721,19.3435608
51.5815353,19.3417086
51.5814955,19.3407187
51.5814949,19.340541
51.5815195,19.3403763
51.5815003,19.3400651
51.5815044,19.3396638
51.5814747,19.3388392
51.5814913,19.3386342
51.5815527,19.3385161
51.5815898,19.3384943
51.5816945,19.3385275
51.581828,19.3386137
51.5823807,19.338851
51.5824788,19.3389088
51.583263,19.3392207
51.5842149,19.3394773
51.5849155,19.3397242
51.5852527,19.3399414
51.5853379,19.3399626
51.5857169,19.3399861
51.5861689,19.3401219
51.5864005,19.3402086
51.5865835,19.3403102
51.5867932,19.3403992
51.5878645,19.3406906
51.5883754,19.3409407
51.5888931,19.3410828
51.5895898,19.3413356
51.5902543,19.3415171
51.5906407,19.3416562
51.5912312,19.3418989
51.5914341,19.3419389
51.5918723,19.3420682
51.5921836,19.3422004
51.5929706,19.3424526
51.5930652,19.342471
51.594007,19.3428036
51.5950961,19.3430943
51.5961776,19.3434823
51.5963137,19.3435087
51.5975156,19.3439708
51.5976762,19.3440039
51.5979036,19.3441028
51.5979811,19.3441155
51.598119,19.3440389
51.5982025,19.3438329
51.5982148,19.3431788
51.5981836,19.3419713
51.5981938,19.3414887
51.5981442,19.3398818
51.5981333,19.3384949
51.5980768,19.337731
51.5980823,19.3374089
51.5980576,19.3369456
51.5980514,19.3365283
51.5980693,19.3362835
51.5980555,19.335914
51.5980765,19.3352469
51.5980334,19.3349641
51.5980408,19.3345832
51.5979969,19.3337953
51.5980121,19.3337128
51.598018,19.3333855
51.5979708,19.3331805
51.5979816,19.3328429
51.5979305,19.331944
51.5979633,19.3316133
51.5978932,19.330175
51.5979414,19.329924
51.5980051,19.3298967
51.5986389,19.3301658
51.6018007,19.3312352
51.6019759,19.3313525
51.6020906,19.3314816
51.6021544,19.3316747
51.602186,19.3320702
51.6021952,19.3333896
51.602222,19.3344673
51.6022871,19.3357057
51.6022737,19.3359134
51.6023196,19.3371595
51.6022997,19.3387816
51.6023335,19.3397951
51.6022601,19.3398866
51.602145,19.3398718
51.6021222,19.3398844
51.6020653,19.339966
51.6020133,19.340207
51.6020036,19.3404053
51.6020312,19.3401221
51.6021081,19.3399537
51.6021776,19.3399274
51.6021993,19.3399438
51.6023188,19.3399536
51.6021575,19.3399311
51.6021071,19.339965
51.6020606,19.3400673
51.6020193,19.3403074
51.602013,19.340984
51.6020445,19.3417103
51.6022583,19.3429992
51.6022616,19.3436766
51.6022281,19.3440307
51.6021392,19.3444177
51.6020956,19.3445334
51.6019139,19.3449152
51.6017699,19.3450498
51.6017147,19.3451611
51.6016497,19.3452423
51.6016107,19.3453621
51.6016558,19.3458286
51.6017026,19.3460515
51.6018518,19.3465256
51.6019895,19.3467978
51.6021056,19.3471254
51.6021393,19.3474254
51.6021194,19.3475491
51.6021198,19.3476851
51.602092,19.3478123
51.6021031,19.3479886
51.6021455,19.3481455
51.6023547,19.3486922
51.6024544,19.3490962
51.6024865,19.3493271
51.6024734,19.3496704
51.6024933,19.3500106
51.6026007,19.3503241
51.602605,19.3505678
51.6026282,19.3507696
51.6025984,19.3510665
51.6025963,19.3512884
51.6026425,19.3515075
51.6025982,19.3519044
51.6026467,19.3522748
51.6026324,19.3526348
51.6026461,19.3527699
51.6025708,19.3530625
51.6025602,19.3531944
51.6025781,19.3533638
51.6026062,19.3544483
51.6025841,19.3548646
51.6026089,19.3552391
51.6025775,19.3554763
51.6026319,19.3559238
51.602602,19.3569795
51.6026535,19.3573732
51.6027784,19.3573584
51.6030703,19.357368
51.6032246,19.3573267
51.6038264,19.3573006
51.6040385,19.3573373
51.6043889,19.3573567
51.6046695,19.3572618
51.6048808,19.3572538
51.6053089,19.3573369
51.6059279,19.3576675
51.6063512,19.3579109
51.6067569,19.3582207
51.6072594,19.3586668
51.6076731,19.3591051
51.6089936,19.3606319
51.6091319,19.3608175
51.6091619,19.3609448
51.6091262,19.361077
51.6089713,19.3613717
51.6085388,19.3620996
51.6080987,19.362762
51.6080166,19.3629236
51.6075801,19.3636528
51.6071685,19.3642926
51.6069281,19.3647279
51.6058144,19.3664306
51.6053049,19.3672843
51.6042,19.3690354
51.6039654,19.3694289
51.6039291,19.3695486
51.6039298,19.3696128
51.603974,19.3697904
51.6040116,19.3702489
51.6040824,19.3705829
51.60433,19.3709565
51.6044325,19.3710637
51.6045338,19.3711005
51.6046677,19.3709684
51.604898,19.3705441
51.6049996,19.3704864
51.6050705,19.3705327
51.6050991,19.370598
51.6050861,19.3706985
51.6050011,19.370857
51.6049572,19.3709864
51.605126,19.3732841
51.6051243,19.3737023
51.6050859,19.3738977
51.6050134,19.3740775
51.6047635,19.3744342
51.604219,19.3751333
51.6040536,19.3753267
51.6038176,19.3755609
51.6033696,19.3760897
51.6033349,19.3762168
51.6033325,19.3763965
51.6034298,19.3770902
51.6034991,19.3779458
51.603656,19.37866
51.6037785,19.3791302
51.6039352,19.3795482
51.6042048,19.380059
51.6044357,19.380401
51.604657,19.3806686
51.6047978,19.3808794
51.6048889,19.3810304
51.605021,19.3813487
51.6053903,19.3838177
51.6056585,19.385486
51.6056907,19.3857902
51.6057161,19.3864429
51.6057576,19.390449
51.6058432,19.3922638
51.6058137,19.3941615
51.6058448,19.3955093
51.6058823,19.3960153
51.6058832,19.3967028
51.6058514,19.3968715
51.6056475,19.3973727
51.6053872,19.3980828
51.6048429,19.3992504
51.604341,19.4004627
51.604221,19.4006846
51.6040077,19.4011817
51.6037796,19.4016509
51.6036684,19.4016894
51.6036367,19.4016662
51.6029349,19.4009164
51.6026956,19.4006884
51.601884,19.3998267
51.6017147,19.3996648
51.6014637,19.3993876
51.6012647,19.3991308
51.6012426,19.3990818
51.6011938,19.3991194
51.6009184,19.4004196
51.6007878,19.4011372
51.6006124,19.4023421
51.6004939,19.4032679
51.6003428,19.4045795
51.600344,19.4046634
51.6000983,19.4063195
51.5997963,19.4088883
51.5996252,19.4100323
51.5995942,19.4107292
51.5994228,19.4118159
51.599372,19.4120849
51.5992857,19.4123295
51.5982683,19.4146437
51.5956077,19.4135132
51.5955896,19.4132457
51.5941515,19.4146569
51.5936556,19.4148703
51.5934972,19.4149278
51.5930705,19.4149491
51.5928464,19.4149094
51.5926212,19.4149254
51.5924581,19.4149054
51.5922956,19.4149158
51.5920892,19.4149019
51.5917609,19.4148306
51.5915529,19.4148092
51.5911507,19.4148713
51.5906627,19.4148532
51.5904942,19.4148728
51.5902876,19.4148432
51.5901763,19.4148513
51.5901126,19.4148625
51.590021,19.4149398
51.5899103,19.4151881
51.5898023,19.4155373
51.5898991,19.4156773
51.5900514,19.4158288
51.5902798,19.4161802
51.5904063,19.4163316
51.5909109,19.4168283
51.5914634,19.4175205
51.5916926,19.417668
51.5918865,19.4178357
51.5920753,19.4180271
51.5921386,19.418069
51.5924426,19.4184191
51.5929711,19.4189267
51.5933191,19.4191884
51.5933842,19.419218
51.5934771,19.4193034
51.594009,19.4198699
51.5944539,19.4202517
51.5951218,19.4208936
51.5956657,19.421514
51.5959963,19.421847
51.5966154,19.4223625
51.5972794,19.4229928
51.5975483,19.423285
51.5978409,19.4235648
51.5979882,19.423665
51.5986078,19.4242469
51.5992201,19.4248773
51.5998737,19.425503
51.6002669,19.4259705
51.6003948,19.4261039
51.6005019,19.4261896
51.6009173,19.4267027
51.6010181,19.4268013
51.6012794,19.4269908
51.6016195,19.427392
51.602102,19.4278378
51.6023988,19.4281607
51.602735,19.4284473
51.6033935,19.4291087
51.6035232,19.4292158
51.6041865,19.4298511
51.6051268,19.4308358
51.606145,19.4318397
51.6071546,19.4328799
51.6073379,19.4330398
51.6075755,19.4333066
51.6081486,19.4338236
51.6092744,19.434938
51.6109564,19.4366413
51.6123897,19.4381746
51.6130209,19.438754
51.6163925,19.4420959
51.6166446,19.4424158
51.6167392,19.4425051
51.6167808,19.4425938
51.6168484,19.4426004
51.6169731,19.4425439
51.6172031,19.4423809
51.6172579,19.4423662
51.6173306,19.4424009
51.6184996,19.4436402
51.6187222,19.4437376
51.6192359,19.443921
51.6197413,19.4440443
51.6200149,19.4441434
51.6202209,19.4442829
51.6208976,19.4449445
51.6227336,19.4470099
51.6250132,19.4494681
51.6252759,19.4497895
51.6260652,19.4506352
51.6262243,19.4507634
51.6262274,19.4507552
51.6262794,19.4508111
51.6248846,19.4542121
51.6248846,19.4542121
51.6241014,19.4561541
51.6241014,19.4561541
51.6234791,19.4577097
51.623286,19.4582462
51.6230715,19.4589972
51.6227173,19.4601237
51.6223096,19.4612503
51.621784,19.4628381
51.6217839,19.4628381
51.6213978,19.4639754
51.6210652,19.4649302
51.6208399,19.4656169
51.6201961,19.4675588
51.6200244,19.4680845
51.6199493,19.4686853
51.6199171,19.4692325
51.6197884,19.4710135
51.619724,19.4735884
51.6195417,19.4753372
51.6193485,19.4773542
51.6191447,19.480412
51.6189301,19.4836843
51.6189301,19.4836843
51.6189301,19.4837379
51.6188979,19.4840598
51.617986,19.4889736
51.61775,19.4894778
51.6156686,19.4940268
51.6146202,19.4962543
51.6146203,19.4962541
51.6142953,19.4969451
51.6142952,19.4969451
51.6134799,19.4986724
51.6130399,19.4996488
51.612879,19.5000672
51.6124927,19.501419
51.6120207,19.5025455
51.6115702,19.5034468
51.6112054,19.5041763
51.6108191,19.5049917
51.6092527,19.5081567
51.6088558,19.5089507
51.6088342,19.5090365
51.6086626,19.5093691
51.6086626,19.5093691
51.6077077,19.5110106
51.6076995,19.5110952
51.6076995,19.5110949
51.6076219,19.5118904
51.6075468,19.5125234
51.6075468,19.5125234
51.6074824,19.5131456
51.6073859,19.5137894
51.6073001,19.5144116
51.6072142,19.5150017
51.6071284,19.5156133
51.6070747,19.5161497
51.6070103,19.5167934
51.6069674,19.5176732
51.6069889,19.5183813
51.6072572,19.5201086
51.6074395,19.5223939
51.6074503,19.5225977
51.6074609,19.5227587
51.6072142,19.5248401
51.6067743,19.5282733
51.6067744,19.5282733
51.6066777,19.5297217
51.6066448,19.5313502
51.6066349,19.531846
51.606549,19.5325112
51.6065275,19.532597
51.6064739,19.5326507
51.6062379,19.5328116
51.6061091,19.5329189
51.6060662,19.5330691
51.6060662,19.5331656
51.6061199,19.5334661
51.606152,19.5336592
51.6061843,19.5339381
51.6061521,19.5341956
51.6061414,19.5342707
51.6057336,19.5365345
51.6059374,19.5367062
51.6060018,19.5368778
51.605959,19.5383048
51.6059374,19.539088
51.6056995,19.5400795
51.6056994,19.5400796
51.60568,19.5401608
51.6055512,19.5407402
51.6053581,19.5420813
51.6051864,19.5432829
51.6058409,19.5436799
51.6060876,19.5439267
51.6061949,19.5441091
51.6067528,19.5454287
51.6068708,19.5458149
51.6069567,19.5464158
51.6069568,19.5464158
51.6070426,19.5469844
51.6071069,19.5475959
51.6071176,19.5480573
51.6071176,19.5496666
51.6071259,19.5497775
51.6071259,19.5497772
51.6071498,19.5500957
51.6072463,19.5505249
51.6080081,19.5531749
51.6086734,19.5549881
51.6086947,19.555031
51.6092848,19.5563936
51.6117417,19.5605778
51.6130185,19.5629811
51.6131901,19.5655882
51.6133619,19.5671761
51.6135227,19.5685064
51.6136945,19.5698046
51.613791,19.5703303
51.6139949,19.5715105
51.61407,19.5718967
51.6140699,19.5718967
51.6144883,19.5740962
51.6143488,19.5741283
51.6142201,19.5740103
51.614145,19.5738172
51.6140699,19.5729267
51.6139948,19.5724654
51.6138768,19.5719075
51.6138231,19.5717358
51.6137158,19.5716714
51.6134154,19.5718002
51.611776,19.5726336
51.6117761,19.5726336
51.6108834,19.5730876
51.6101324,19.5734524
51.6087269,19.5743858
51.6071712,19.575566
51.6055405,19.5769071
51.6052508,19.5771968
51.6047894,19.5776045
51.6039419,19.5783233
51.6024291,19.5795464
51.6023755,19.5796537
51.6023647,19.5798897
51.6023325,19.5808017
51.6023433,19.5810699
51.6024076,19.5814025
51.6026651,19.582293
51.6030514,19.5833873
51.6027295,19.5835697
51.6026329,19.5835697
51.6024613,19.5835268
51.6023969,19.5834517
51.6023433,19.5831727
51.6023433,19.5827865
51.6023325,19.582411
51.6019678,19.5811879
51.6018712,19.5809519
51.6018068,19.580866
51.6017104,19.5808017
51.6011202,19.5806837
51.6010451,19.5807158
51.6010022,19.5807695
51.6007876,19.581145
51.6006803,19.5812952
51.5999829,19.5818853
51.5989851,19.5826792
51.5988779,19.5827758
51.5986955,19.582926
51.5982663,19.5833659
51.5976119,19.5839345
51.5969145,19.5844602
51.5956485,19.5853185
51.5944147,19.5862197
51.5919685,19.5878827
51.5911531,19.5883548
51.5912198,19.5884649
51.5912198,19.588465
51.5955091,19.5955431
51.5981698,19.5999956
51.5981698,19.5999956
51.5984916,19.6005427
51.5986204,19.6006286
51.5905201,19.6004784
51.5908775,19.609565
51.5908775,19.6095652
51.5909492,19.6113896
51.5909385,19.6117758
51.5909171,19.6119153
51.5909063,19.612044
51.5909063,19.6121299
51.5909385,19.6121942
51.5910136,19.6122908
51.5910351,19.6123552
51.5910243,19.6124732
51.5909814,19.6125483
51.5908205,19.6126019
51.5907347,19.6126878
51.5907132,19.6127843
51.5907025,19.6129345
51.5907669,19.618138
51.590799,19.6183311
51.5908098,19.6190822
51.5947044,19.6195864
51.5981698,19.620198
51.5982556,19.620316
51.5972793,19.6281695
51.5975153,19.6283304
51.5988729,19.6286659
51.5988728,19.6286659
51.599425,19.6288025
51.5993714,19.6294891
51.6021502,19.6301758
51.6022144,19.6289853
51.6022144,19.6289855
51.6024935,19.6238243
51.6024935,19.6233737
51.602472,19.622848
51.6024076,19.622215
51.6043388,19.6225583
51.6043389,19.6225583
51.6050469,19.6223974
51.6054224,19.6222257
51.6059268,19.6223223
51.6059052,19.6226656
51.6057765,19.6231484
51.6057658,19.6234595
51.6060447,19.6261525
51.606034,19.6264314
51.6060125,19.6264936
51.6069237,19.6276116
51.6074034,19.6279174
51.6081064,19.6280676
51.6085994,19.6279817
51.6091391,19.6276438
51.6094689,19.6278744
51.6097754,19.6283251
51.6099453,19.6290224
51.6100586,19.6297734
51.6101218,19.6300468
51.6101754,19.6300148
51.6110765,19.629532
51.6112375,19.6294033
51.6113555,19.6292531
51.6115486,19.6288454
51.61201,19.6277511
51.6121709,19.6271073
51.6122889,19.6265709
51.6123534,19.6263456
51.6124498,19.6261417
51.6125572,19.6260452
51.6127073,19.6259701
51.6134905,19.6257233
51.61363,19.6257019
51.6138231,19.6257019
51.6144669,19.6257984
51.614585,19.6258199
51.6148746,19.6258306
51.6149175,19.6258199
51.6150462,19.6257019
51.6152071,19.6254444
51.6156685,19.6243715
51.6157543,19.6242427
51.6158509,19.6241998
51.6160011,19.6242213
51.61731,19.624747
51.6181254,19.6250474
51.6183936,19.6241462
51.618973,19.6223437
51.6195309,19.6205306
51.6202068,19.6184813
51.6211938,19.6153485
51.6215264,19.6143293
51.6217195,19.613825
51.6218912,19.6135139
51.6220629,19.6133315
51.6223526,19.6131169
51.6246178,19.6114525
51.624618,19.6114525
51.6260325,19.6104133
51.6299915,19.6075809
51.6302382,19.607377
51.6303348,19.607259
51.6303349,19.607259
51.6304099,19.6070873
51.6304957,19.6067976
51.6317617,19.5999956
51.6317618,19.5999956
51.6317618,19.5999741
51.6317726,19.5999097
51.6320085,19.5986223
51.6320086,19.5986223
51.632502,19.5959079
51.6325235,19.5956289
51.6326737,19.5951998
51.6342723,19.58696
51.6355706,19.5876145
51.6368795,19.5882475
51.6373837,19.5884728
51.6375018,19.5885264
51.6378557,19.5886766
51.6381025,19.5888054
51.6385209,19.5891273
51.6390574,19.5893633
51.6390573,19.5893633
51.6432095,19.5915627
51.6433704,19.5916378
51.6445506,19.5922493
51.6453767,19.5926785
51.6461385,19.5930755
51.6468037,19.5934081
51.6477262,19.5938909
51.6477692,19.5939445
51.6494751,19.5948565
51.6507518,19.5955431
51.6512561,19.5957684
51.6513098,19.5958006
51.6515135,19.5959293
51.6526831,19.5964229
51.652683,19.5964229
51.6531015,19.5966911
51.6534663,19.5969057
51.6534662,19.5969057
51.6541636,19.5972919
51.6551291,19.5978069
51.6557902,19.5981669
51.6557901,19.5981668
51.6578865,19.5993089
51.6591633,19.5999956
51.6591632,19.5999956
51.6593563,19.6001029
51.6604185,19.6006822
51.6610623,19.6010363
51.6610931,19.600736
51.6610931,19.6007362
51.6611696,19.5999956
51.6611695,19.5999956
51.6618025,19.5938801
51.6618347,19.5937085
51.6618777,19.593569
51.6631758,19.5953607
51.6652786,19.5982789
51.6665017,19.5999956
51.6665018,19.5999956
51.6681755,19.6023452
51.6707181,19.6059393
51.6723918,19.608128
51.6723919,19.608128
51.6724778,19.6082353
51.6729927,19.6088683
51.6732824,19.6092653
51.673454,19.6094691
51.6734326,19.609512
51.6731429,19.6101772
51.672585,19.6114432
51.6727138,19.6115076
51.6740826,19.6120916
51.6740825,19.6120915
51.674323,19.6121942
51.6751707,19.6124947
51.6751706,19.6124947
51.6752779,19.6125054
51.6755461,19.6126019
51.6769409,19.6132779
51.6768443,19.6145331
51.6767048,19.6157884
51.6767799,19.6158528
51.6771984,19.6160244
51.677252,19.6161103
51.6772735,19.6162176
51.677252,19.6164536
51.6768443,19.6188676
51.6768336,19.6190178
51.676855,19.6191036
51.6769087,19.6191787
51.6773378,19.6193826
51.6793227,19.6203482
51.67943,19.6204233
51.6794621,19.6206271
51.67943,19.6214747
51.67943,19.6217429
51.67943,19.6221935
51.6794192,19.6229445
51.6793763,19.6237492
51.6793656,19.6239423
51.6793441,19.6240282
51.6792476,19.6242964
51.6792798,19.6244037
51.6793549,19.6244788
51.6796445,19.6246719
51.6801166,19.6250796
51.6801702,19.6251654
51.6802024,19.6253478
51.6811251,19.6241676
51.6813268,19.6239156
51.6813267,19.6239157
51.682756,19.6221292
51.6828203,19.6220433
51.6829383,19.6218073
51.6835498,19.6211636
51.6839576,19.6206378
51.6846549,19.6197474
51.6847085,19.6197044
51.6847729,19.6196508
51.684848,19.6196186
51.6849339,19.6196508
51.6849768,19.6197581
51.6850841,19.619919
51.6855562,19.6200585
51.6856312,19.6200156
51.6858565,19.619801
51.6859424,19.6196508
51.6860818,19.6193289
51.6861356,19.6190929
51.686157,19.6192109
51.6863071,19.6196937
51.6865217,19.6204876
51.6870796,19.6227085
51.6872513,19.6227514
51.688131,19.623363
51.6893327,19.6241247
51.6901373,19.6247148
51.6918861,19.6258413
51.6920042,19.626013
51.6931092,19.6268069
51.6953731,19.6283733
51.6956091,19.6285343
51.6968859,19.6294248
51.6973472,19.6297466
51.6979157,19.6301436
51.6990208,19.6308732
51.7002869,19.6317958
51.7010271,19.6323537
51.7018318,19.632858
51.7018319,19.632858
51.7022287,19.6331369
51.7030978,19.6337807
51.7051041,19.6352076
51.706767,19.6363556
51.7098569,19.6385121
51.709857,19.6385121
51.7116916,19.6398103
51.7116917,19.6398103
51.7136764,19.6411943
51.7136765,19.6411943
51.7148137,19.6419668
51.7156291,19.6425676
51.7165236,19.6431733
51.7165237,19.6431734
51.716659,19.643265
51.7167556,19.6435868
51.7168629,19.6438121
51.716938,19.6440804
51.7177534,19.643501
51.7185044,19.6429646
51.7191052,19.6425354
51.7198455,19.6420097
51.7198456,19.6420097
51.7201352,19.6418058
51.7218303,19.6406042
51.7218304,19.6406042
51.7219591,19.6404433
51.7221755,19.6407455
51.7221754,19.6407453
51.7225814,19.6413123
51.7233003,19.6422028
51.723311,19.6422243
51.7233538,19.6422672
51.7233967,19.6423316
51.7234075,19.6423423
51.723429,19.642353
51.7234718,19.6424067
51.7236221,19.6424818
51.7236971,19.6425569
51.7241371,19.643222
51.724137,19.643222
51.7241478,19.6432435
51.7246843,19.6440267
51.7251777,19.6447777
51.7251563,19.6448206
51.7251133,19.6449172
51.7250597,19.6450459
51.725049,19.645164
51.7250704,19.6454429
51.7251563,19.6458077
51.7253279,19.6463334
51.7253708,19.6464729
51.7253709,19.6464729
51.7258429,19.6472454
51.7262613,19.6477603
51.7263042,19.6478891
51.7263901,19.6481895
51.7265081,19.64908
51.7265222,19.6499282
51.7265222,19.6499283
51.726551,19.6516656
51.726551,19.6518588
51.7266047,19.6520197
51.7266798,19.6521055
51.7268729,19.652245
51.726873,19.652245
51.7268836,19.6522665
51.7268836,19.6523308
51.7265617,19.653511
51.726551,19.6536183
51.7265725,19.6538007
51.7265617,19.6540904
51.7265618,19.6540904
51.7265403,19.6544659
51.7266047,19.6547234
51.7267656,19.6551311
51.7268943,19.65541
51.7270553,19.6555924
51.7270577,19.6556279
51.7271145,19.6558552
51.7273537,19.656043
51.727696,19.656381
51.7278887,19.656912
51.727995,19.6574431
51.7280881,19.6579635
51.7283007,19.6582531
51.7282825,19.658217
51.7284178,19.6580386
51.7292654,19.6570086
51.7296946,19.6567618
51.7296731,19.655528
51.7296195,19.6546375
51.7296087,19.6541547
51.729598,19.6534037
51.7296088,19.6532213
51.7298662,19.6527171
51.7300915,19.652245
51.7304563,19.6516656
51.7307353,19.6511721
51.7309284,19.650979
51.7310678,19.6508073
51.7314004,19.6493482
51.7314005,19.6493482
51.7315185,19.6483933
51.7315292,19.6482324
51.7318189,19.6482431
51.7318725,19.6482217
51.7318832,19.6481037
51.7318783,19.6478677
51.7318618,19.6470844
51.7318511,19.6455931
51.731894,19.6448314
51.7319798,19.6440374
51.7319906,19.6439838
51.732055,19.6432328
51.7320872,19.6429216
51.7321515,19.642353
51.7323876,19.6408939
51.7324733,19.6405398
51.7327953,19.6394348
51.7331922,19.6383833
51.7332995,19.63804
51.7332994,19.63804
51.733675,19.6367847
51.7339646,19.636892
51.7350591,19.6373856
51.7354667,19.6375572
51.7355311,19.6376323
51.7356061,19.6376538
51.7361427,19.6372139
51.736164,19.6371388
51.7362958,19.6372129
51.7362957,19.6372129
51.7369259,19.6375679
51.7369258,19.6375679
51.7380738,19.638158
51.7382991,19.6382761
51.7396402,19.6389627
51.7407131,19.6394991
51.7424511,19.6403789
51.7424941,19.6404111
51.7424941,19.6404755
51.7421078,19.6409797
51.7420971,19.6410119
51.7420971,19.6410655
51.7425584,19.6419024
51.7439854,19.6446061
51.7437493,19.6449494
51.7423653,19.6472132
51.7432665,19.6489405
51.7437279,19.6553671
51.7437335,19.6554081
51.7437335,19.6554078
51.7438781,19.6564507
51.7438352,19.6566653
51.7460024,19.6594548
51.7477941,19.6562469
51.7480409,19.656676
51.7479443,19.6553027
51.7479765,19.6550559
51.7480623,19.6548736
51.7481832,19.6547326
51.7481834,19.6547325
51.7489099,19.6538865
51.7491888,19.6536076
51.7526006,19.6496808
51.754446,19.6475994
51.7560982,19.6456682
51.7561949,19.6455824
51.7561948,19.6455824
51.7561949,19.6455824
51.7562484,19.6455824
51.756345,19.6456682
51.7586302,19.6493804
51.7587268,19.6495091
51.7588663,19.6496272
51.7598104,19.6498095
51.7598963,19.6498739
51.7599713,19.6499919
51.7605185,19.6510326
51.7605508,19.651097
51.7613554,19.6526634
51.7622137,19.6542406
51.7649924,19.6541976
51.7651534,19.6541655
51.7655718,19.6539938
51.7657005,19.6539723
51.7661404,19.6539831
51.7665589,19.6540904
51.7668378,19.6541547
51.7670202,19.6564078
51.7668914,19.6581244
51.7670094,19.6587789
51.7673206,19.6585965
51.767415,19.658705
51.7674148,19.6587049
51.7681682,19.6595728
51.7686724,19.6600878
51.7688085,19.6589822
51.7688085,19.6589819
51.7691874,19.6559035
51.7698097,19.6510219
51.7707109,19.6441233
51.770711,19.6441233
51.7717624,19.6361088
51.772052,19.6340918
51.7720843,19.6337699
51.7725241,19.6344673
51.7731391,19.6355436
51.773139,19.6355435
51.7733395,19.6358942
51.7733716,19.6359908
51.7733824,19.6361303
51.7733716,19.6363019
51.7732858,19.6370851
51.7732858,19.6373319
51.7733073,19.6375572
51.7733503,19.6377503
51.7755711,19.6401214
51.7790579,19.6436297
51.780678,19.6452391
51.7831886,19.6478247
51.7837786,19.6484363
51.7842936,19.6489191
51.7857956,19.6500778
51.786654,19.6508073
51.7872655,19.6513009
51.7883814,19.6524059
51.7900228,19.6539831
51.7903017,19.6514189
51.7907738,19.6476316
51.7919325,19.6473419
51.7943359,19.6468806
51.7943358,19.6468806
51.7966639,19.64643
51.797415,19.6462476
51.7978763,19.6462798
51.7976618,19.6476531
51.7967283,19.6545839
51.7967069,19.6548843
51.7967727,19.654902
51.7967728,19.654902
51.7989492,19.6554851
51.8058586,19.6571052
51.8059659,19.6570944
51.8062126,19.6570837
51.8089378,19.6574163
51.8090022,19.657427
51.8114697,19.6577596
51.8130469,19.6576416
51.8133044,19.6576094
51.8135297,19.6575236
51.8139315,19.6572974
51.8139317,19.6572974
51.8140447,19.6572339
51.8142914,19.6570086
51.8143987,19.6567511
51.8146133,19.6570193
51.8146134,19.6570193
51.8156862,19.6591866
51.8170274,19.661976
51.8189263,19.665935
51.8202137,19.664272
51.8208038,19.6635532
51.8229152,19.6608406
51.8229151,19.6608408
51.8238937,19.6595835
51.8250739,19.6580278
51.8251597,19.6578562
51.825664,19.6562683
51.8260073,19.6547341
51.8260395,19.6542084
51.8260288,19.6536719
51.8259966,19.6534788
51.8259429,19.6532213
51.8256855,19.6524918
51.8256318,19.6521806
51.8256211,19.6519446
51.8257177,19.6516013
51.8260825,19.650464
51.826222,19.6500241
51.8264257,19.649831
51.826533,19.6497774
51.8267798,19.6497344
51.8278849,19.6497023
51.8281102,19.6496379
51.828314,19.6494555
51.8285822,19.6490049
51.8288826,19.6483612
51.8293547,19.6472024
51.8297195,19.6462476
51.8301057,19.6452069
51.8308782,19.6441125
51.8338931,19.6396601
51.833893,19.6396601
51.8340861,19.6394026
51.8340325,19.642986
51.8340969,19.6436083
51.8341164,19.6436903
51.8341163,19.64369
51.8342578,19.6442842
51.8343865,19.6444451
51.8375945,19.6465587
51.8399226,19.6421277
51.8399227,19.6421277
51.8403089,19.641366
51.8413066,19.6392416
51.8420255,19.6385014
51.8427443,19.6372246
51.8447613,19.6337914
51.8448174,19.6337023
51.8448174,19.6337022
51.8453085,19.6329224
51.8453086,19.6329224
51.8457913,19.6321499
51.845802,19.6320319
51.8461453,19.6320426
51.8463814,19.632107
51.8464136,19.6318066
51.8463706,19.6310448
51.8462097,19.6297895
51.8462204,19.6293604
51.8462526,19.6292746
51.8462526,19.6289312
51.8462526,19.6287274
51.846199,19.6282768
51.8461991,19.6277189
51.8461883,19.6271288
51.8461239,19.6267318
51.84592,19.6261847
51.8459201,19.6261847
51.8451476,19.6241676
51.8449008,19.623599
51.8440962,19.6220541
51.8431413,19.6200156
51.8430447,19.6193826
51.842916,19.6187496
51.8428786,19.6182783
51.8428786,19.6182782
51.8427765,19.61699
51.8424868,19.6150588
51.8418002,19.6117866
51.8416607,19.6110141
51.8414032,19.6101665
51.8414033,19.6101665
51.8412744,19.6097803
51.8412637,19.6095871
51.8412852,19.6092545
51.8412744,19.6090829
51.8410062,19.6086966
51.8406629,19.607495
51.8405878,19.6071088
51.8405234,19.6062183
51.8404054,19.6054029
51.8402659,19.604727
51.8397724,19.603343
51.8397295,19.6034395
51.8371009,19.6036219
51.8352234,19.6038687
51.8345367,19.603976
51.8344616,19.6040189
51.8344616,19.6044373
51.8344509,19.6046304
51.8343865,19.6048879
51.8342363,19.6052634
51.8341505,19.6056067
51.8341183,19.6057891
51.8341184,19.6060466
51.8342149,19.6064972
51.8344616,19.6074521
51.8346548,19.6082782
51.8350088,19.6099197
51.8342041,19.610145
51.8328952,19.6101987
51.8326056,19.6102416
51.8323588,19.6105313
51.831827,19.6105928
51.8318271,19.6105927
51.8316185,19.6106171
51.830728,19.6106815
51.8298053,19.610778
51.82796,19.6108639
51.8271017,19.6109282
51.8264365,19.6109175
51.825546,19.6101772
51.8254387,19.6101129
51.8245053,19.6140182
51.8238937,19.6172475
51.8235934,19.6209919
51.8235827,19.6212279
51.8235505,19.6225583
51.8235504,19.6247684
51.8228209,19.6242964
51.8224239,19.6241462
51.8217372,19.6235024
51.8199455,19.6210026
51.8198919,19.6208846
51.8198858,19.6210155
51.8198858,19.6210153
51.8198704,19.6213459
51.8197631,19.6219575
51.8195915,19.6222257
51.8195164,19.6224617
51.819334,19.6226441
51.8192741,19.622669
51.8192271,19.622789
51.8191741,19.6229875
