233.93750   0.00
233.75000   0.23
234.06250   0.00
233.62500   0.88
233.50000   6.40
233.87500   0.00
233.87500   0.71
233.81250   5.64
233.81250   8.18
234.06250   9.55
233.62500   11.00
233.62500   11.00
233.93750   11.45
233.56250   11.45
233.56250   12.21
233.62500   12.21
233.62500   13.30
234.00000   13.30
233.81250   13.38
233.62500   0.00
233.25000   0.28
233.56250   0.28
233.75000   9.57
233.75000   11.67
233.75000   11.67
233.87500   13.31
233.87500   13.31
234.06250   12.98
234.06250   12.98
233.93750   13.60
233.87500   13.60
233.87500   14.16
233.93750   14.16
233.93750   14.60
233.75000   14.60
233.75000   14.60
233.68750   14.60
233.68750   14.53
233.75000   14.53
233.75000   14.86
233.62500   14.86
233.62500   15.67
233.62500   15.67
233.62500   15.67
233.75000   15.76
233.75000   15.76
234.00000   15.76
234.00000   14.88
234.06250   14.88
234.06250   15.17
233.93750   15.17
233.93750   15.58
234.06250   15.58
234.06250   15.58
234.31250   16.12
234.31250   16.12
234.62500   16.12
234.62500   16.11
234.75000   16.11
234.75000   16.11
234.75000   15.94
234.75000   15.94
235.00000   15.94
235.00000   15.56
235.62500   15.56
235.62500   15.56
235.25000   15.67
235.25000   15.67
235.62500   15.67
235.62500   15.67
235.93750   15.67
235.93750   15.67
236.12500   15.51
236.12500   15.51
236.31250   15.64
236.31250   15.64
236.87500   15.64
236.87500   15.57
236.87500   15.57
236.87500   15.57
237.56250   15.00
237.56250   15.00
237.81250   15.03
237.81250   15.03
238.06250   15.30
238.06250   15.30
238.31250   15.21
238.56250   15.21
238.56250   14.54
238.62500   14.54
238.62500   14.38
238.93750   14.38
238.93750   14.58
238.93750   14.58
238.93750   15.33
239.06250   15.33
239.06250   15.39
238.93750   15.39
238.93750   15.38
238.81250   15.38
238.81250   14.74
239.37500   14.74
239.37500   13.99
238.93750   13.99
238.93750   15.24
238.81250   15.24
239.06250   15.29
239.06250   15.29
238.81250   15.35
238.81250   15.35
238.93750   15.42
238.93750   15.42
239.06250   15.53
239.06250   15.53
238.68750   16.30
238.68750   16.30
238.68750   16.30
239.06250   16.42
239.06250   16.42
238.93750   16.42
238.93750   16.84
239.18750   16.84
239.18750   16.84
239.12500   16.68
239.12500   16.68
239.06250   16.68
239.06250   16.87
239.31250   16.87
239.31250   16.87
239.18750   16.60
239.18750   16.60
238.93750   16.60
238.93750   14.97
239.68750   14.97
239.68750   13.08
239.56250   13.08
239.81250   11.71
239.81250   11.71
239.62500   12.69
239.62500   12.69
239.81250   14.89
239.81250   14.89
240.00000   15.88
240.00000   15.88
239.56250   15.88
239.56250   16.41
239.93750   16.41
239.93750   16.41
240.25000   16.74
240.25000   16.74
240.37500   16.74
240.37500   16.88
240.37500   16.88
240.37500   16.88
240.12500   16.79
240.12500   16.79
240.87500   16.79
240.87500   16.30
240.87500   16.30
240.75000   16.30
240.75000   15.90
241.37500   15.90
241.37500   15.90
240.75000   15.75
240.75000   15.75
240.87500   15.75
241.25000   15.21
241.25000   15.21
241.75000   15.12
241.75000   15.12
241.68750   15.50
241.68750   15.50
241.50000   15.59
241.50000   15.59
242.00000   15.59
242.00000   15.77
241.87500   15.77
241.87500   15.77
242.56250   15.59
242.56250   15.59
242.12500   15.59
242.12500   15.77
242.43750   15.77
242.43750   15.77
242.25000   15.60
242.25000   15.60
242.87500   15.60
242.87500   15.03
242.68750   15.03
242.68750   15.29
243.12500   15.29
243.12500   15.09
242.75000   15.09
242.75000   15.11
242.87500   15.11
242.87500   15.11
243.06250   15.11
243.06250   14.85
243.68750   14.85
243.68750   14.90
243.68750   14.90
243.68750   15.09
243.50000   15.09
243.50000   15.39
243.81250   15.39
243.81250   15.52
243.68750   15.52
243.68750   15.56
243.62500   15.56
243.62500   15.56
244.06250   15.32
244.06250   15.32
244.06250   14.81
244.18750   14.81
244.18750   14.02
244.37500   14.02
244.37500   13.27
245.06250   13.27
245.00000   13.07
245.00000   13.07
244.93750   12.42
245.25000   12.42
245.25000   11.76
245.25000   11.76
245.93750   12.07
245.93750   12.07
246.06250   13.19
246.06250   13.19
246.12500   13.04
246.56250   13.04
246.56250   12.70
246.43750   12.70
246.43750   13.34
246.62500   13.34
246.62500   14.07
247.06250   14.07
247.06250   14.67
247.00000   14.67
247.00000   15.24
247.12500   15.24
247.12500   15.42
247.12500   15.42
247.12500   15.09
247.06250   15.09
246.87500   14.78
246.87500   14.78
247.00000   14.42
247.00000   14.42
246.93750   12.87
246.68750   12.87
247.12500   10.97
247.12500   10.97
247.31250   10.29
247.56250   10.41
247.81250   10.41
247.81250   9.64
247.43750   9.38
247.87500   9.11
247.56250   9.52
248.00000   9.63
247.81250   9.34
247.81250   9.07
247.50000   10.10
247.37500   10.36
247.43750   10.36
247.43750   11.51
247.06250   11.51
247.06250   12.79
247.00000   12.79
247.00000   13.83
247.12500   13.83
247.06250   14.71
247.06250   14.71
246.87500   15.44
246.87500   15.44
246.87500   15.98
247.06250   15.98
247.06250   15.98
246.68750   16.33
246.68750   16.33
246.12500   16.33
246.12500   16.78
246.25000   16.78
246.25000   16.78
246.25000   17.09
246.25000   17.09
245.75000   17.09
245.75000   18.03
245.75000   18.03
246.00000   18.03
246.00000   19.28
245.56250   19.28
245.56250   19.28
245.56250   20.33
245.43750   20.33
245.43750   20.33
245.43750   20.60
245.12500   20.60
245.12500   20.60
245.12500   21.47
245.00000   21.47
245.00000   21.47
244.50000   22.29
244.50000   22.29
244.50000   22.29
244.31250   23.02
244.31250   23.02
244.31250   23.02
243.93750   23.09
243.93750   23.09
243.93750   23.09
243.50000   22.86
243.50000   22.86
243.50000   22.86
243.06250   21.96
243.06250   21.96
243.06250   21.96
243.06250   20.76
243.06250   20.76
242.62500   20.76
242.62500   19.49
242.62500   19.49
242.75000   19.49
242.75000   19.43
242.37500   19.43
242.37500   19.43
242.37500   19.54
242.50000   19.54
242.50000   19.54
241.87500   18.91
241.87500   18.91
241.75000   18.91
241.75000   19.17
241.75000   19.17
241.62500   19.17
241.62500   19.71
241.93750   19.71
241.93750   19.71
241.93750   19.30
241.31250   19.30
241.31250   19.30
241.00000   19.03
241.00000   19.03
241.00000   19.03
240.87500   18.01
240.87500   18.01
240.43750   18.01
240.43750   17.41
240.62500   17.41
240.62500   17.41
240.50000   16.31
240.50000   16.31
240.12500   16.31
240.12500   15.78
239.31250   15.78
239.31250   15.78
239.18750   15.19
239.18750   15.19
238.75000   13.88
238.75000   13.88
238.25000   16.18
238.06250   16.18
238.06250   16.18
237.68750   12.12
237.68750   12.12
237.87500   17.07
237.00000   17.07
237.00000   17.07
237.00000   13.10
237.25000   13.10
236.87500   18.04
236.75000   18.04
236.75000   18.04
236.25000   9.60
236.25000   15.52
236.37500   15.52
236.37500   14.68
236.25000   14.68
236.25000   15.24
236.25000   15.24
236.25000   15.87
236.06250   15.87
236.06250   15.87
235.75000   16.57
235.75000   16.57
235.75000   16.57
235.75000   17.33
235.62500   17.33
235.62500   17.33
235.62500   17.77
235.18750   17.77
235.18750   17.77
235.12500   18.28
235.12500   18.28
235.00000   18.28
235.00000   18.21
235.25000   18.21
235.25000   18.21
234.68750   16.58
234.68750   16.58
234.56250   16.58
234.56250   15.85
234.56250   15.85
234.50000   15.85
234.50000   16.01
234.50000   16.01
234.50000   16.01
234.50000   16.06
234.06250   16.06
234.06250   16.06
234.18750   13.66
234.75000   0.00
234.18750   0.82
234.50000   0.82
234.62500   9.43
234.31250   10.84
234.31250   10.84
234.31250   7.00
234.37500   15.06
234.37500   15.06
234.31250   10.23
234.31250   16.30
233.93750   16.30
233.68750   16.30
233.68750   11.68
233.81250   11.68
233.81250   14.61
233.62500   14.61
233.62500   12.95
233.62500   12.95
234.06250   12.62
234.06250   12.62
233.56250   12.43
233.81250   12.43
233.81250   12.41
233.75000   12.41
233.68750   10.12
233.56250   9.72
233.56250   9.38
233.75000   9.06
233.50000   8.01
233.68750   5.91
233.43750   6.86
233.75000   8.98
233.81250   10.02
233.81250   10.70
233.68750   10.70
233.68750   11.97
233.87500   11.97
233.75000   11.73
233.81250   11.73
233.81250   10.31
234.18750   10.31
234.12500   9.65
234.25000   8.47
233.93750   7.70
234.06250   6.20
234.06250   7.80
234.18750   9.46
234.37500   10.90
234.37500   10.90
234.31250   12.01
234.31250   12.01
234.31250   13.28
234.50000   13.28
234.50000   13.79
234.06250   13.79
234.06250   15.20
234.31250   15.20
234.31250   15.67
234.18750   15.67
234.18750   15.67
234.93750   16.13
234.93750   16.13
234.87500   16.13
234.87500   16.82
234.87500   16.82
234.87500   16.82
234.87500   16.98
234.87500   16.98
234.87500   16.98
235.12500   17.01
235.12500   17.01
235.93750   17.01
235.93750   16.89
235.75000   16.89
235.75000   16.89
235.87500   16.66
235.87500   16.66
235.81250   16.66
235.81250   16.82
235.81250   16.82
235.87500   16.82
235.87500   16.62
235.93750   16.62
235.93750   16.62
236.31250   16.54
236.31250   16.54
236.56250   16.54
236.56250   16.78
236.68750   16.78
236.68750   16.78
237.25000   16.29
237.25000   16.29
237.12500   16.29
237.12500   16.01
237.06250   16.01
237.06250   16.01
237.06250   16.98
237.12500   16.98
237.12500   16.98
237.75000   17.25
237.75000   17.25
237.87500   17.25
237.87500   16.02
238.12500   16.02
238.56250   16.02
238.56250   14.39
238.87500   14.39
239.00000   11.47
239.00000   11.47
239.37500   11.30
239.56250   11.30
239.56250   12.60
239.31250   12.60
239.31250   12.38
239.75000   12.38
240.56250   12.27
240.56250   12.27
240.25000   12.48
240.25000   12.48
240.43750   13.16
240.43750   13.16
240.43750   13.89
240.68750   13.89
240.68750   13.85
240.81250   13.85
240.81250   13.53
240.87500   13.53
240.75000   13.41
240.75000   13.41
241.00000   13.24
241.00000   13.24
240.75000   14.12
240.93750   14.12
240.93750   13.50
241.00000   13.50
241.00000   12.60
241.25000   12.60
241.00000   11.73
241.00000   11.73
241.18750   11.67
241.12500   11.67
240.93750   10.25
241.18750   9.18
241.18750   9.55
241.50000   9.78
241.37500   9.97
241.62500   9.91
241.50000   10.40
241.50000   10.40
241.50000   10.76
241.50000   10.76
241.62500   10.45
242.31250   10.45
242.06250   8.63
242.06250   7.40
242.18750   8.89
242.18750   9.26
242.18750   9.83
242.06250   9.97
242.06250   10.60
242.18750   10.60
242.31250   9.22
242.68750   8.00
242.87500   7.56
242.06250   8.52
242.75000   8.66
242.50000   9.14
242.50000   9.28
242.68750   8.35
243.00000   8.53
243.00000   9.24
243.00000   9.61
243.31250   10.25
243.31250   11.29
243.31250   11.29
243.43750   12.31
243.43750   12.31
243.93750   12.23
243.68750   12.23
243.68750   12.61
244.06250   12.61
244.06250   13.23
243.93750   13.23
244.06250   13.78
244.06250   13.78
244.31250   14.26
244.31250   14.26
244.31250   14.54
244.31250   14.54
244.25000   13.82
244.25000   13.82
244.06250   13.97
244.31250   13.97
244.31250   13.61
244.18750   13.61
244.18750   13.69
244.43750   13.69
244.75000   12.51
244.75000   12.51
244.87500   11.94
244.87500   11.94
244.62500   12.87
244.68750   12.87
244.68750   12.89
245.12500   12.89
245.12500   13.07
245.37500   13.07
245.31250   12.83
245.12500   12.83
245.12500   11.10
245.12500   11.10
245.31250   9.32
245.12500   7.79
245.31250   7.69
245.31250   8.13
245.75000   9.11
245.68750   10.37
245.68750   10.37
245.56250   10.97
245.87500   10.97
245.56250   11.84
245.56250   11.84
245.87500   7.19
246.43750   8.86
246.43750   7.93
246.43750   7.98
246.75000   8.71
246.50000   9.96
246.68750   10.75
246.68750   10.75
246.62500   11.96
246.62500   11.96
247.12500   13.15
247.12500   13.15
246.87500   9.12
246.93750   13.80
247.18750   13.80
247.12500   6.96
247.12500   13.93
247.12500   13.93
247.12500   13.92
246.87500   13.92
247.12500   9.52
247.12500   14.50
247.06250   14.50
247.06250   14.76
247.18750   14.76
247.37500   15.05
247.37500   15.05
247.50000   14.81
247.50000   14.81
247.43750   14.54
247.43750   14.54
247.81250   14.89
247.81250   14.89
247.68750   15.14
247.68750   15.14
247.75000   15.30
247.75000   15.30
247.75000   15.49
247.75000   15.49
247.93750   15.70
247.93750   15.70
247.56250   15.70
247.56250   15.68
248.12500   15.68
248.12500   15.68
247.75000   15.49
247.75000   15.49
247.75000   15.95
247.75000   15.95
247.68750   15.95
247.68750   16.36
247.62500   16.36
247.62500   16.36
247.75000   16.47
247.75000   16.47
247.75000   16.47
247.75000   15.35
247.50000   15.35
247.50000   14.07
248.12500   14.07
247.37500   13.09
247.37500   13.09
247.50000   12.57
247.50000   12.57
248.18750   13.03
247.68750   13.03
247.68750   13.67
247.68750   13.67
247.68750   13.80
247.62500   13.80
247.62500   13.92
247.62500   13.92
247.62500   14.81
247.75000   14.81
247.75000   15.38
247.68750   15.38
247.68750   15.87
247.50000   15.87
247.50000   15.87
247.62500   16.64
247.62500   16.64
247.68750   16.64
247.68750   17.33
247.37500   17.33
247.37500   17.33
247.37500   17.62
248.06250   17.62
248.06250   17.62
247.93750   17.18
247.93750   17.18
248.18750   17.18
248.18750   17.58
247.87500   17.58
247.87500   17.58
247.87500   18.27
247.87500   18.27
247.87500   18.27
248.25000   18.40
248.25000   18.40
247.93750   18.40
247.93750   18.33
247.93750   18.33
247.62500   18.33
247.62500   18.47
248.25000   18.47
248.25000   18.47
247.87500   18.38
247.87500   18.38
247.87500   18.38
248.18750   17.99
248.18750   17.99
248.06250   17.99
248.06250   17.62
248.12500   17.62
248.12500   17.62
247.62500   17.61
247.62500   17.61
247.87500   17.61
247.87500   14.88
248.00000   14.88
247.93750   11.36
247.93750   11.36
247.62500   11.84
247.93750   11.84
247.93750   12.67
247.87500   12.67
247.87500   12.53
248.18750   12.53
248.25000   12.49
248.25000   12.49
248.37500   12.47
248.25000   12.47
248.25000   12.08
247.87500   12.08
247.68750   11.61
247.68750   11.61
247.93750   12.09
247.93750   12.09
248.00000   13.27
247.87500   13.27
247.87500   13.61
247.68750   13.61
247.68750   14.71
247.50000   14.71
247.50000   14.99
248.06250   14.99
248.06250   14.65
247.75000   14.65
247.75000   14.09
247.56250   14.09
248.06250   13.49
248.06250   13.49
247.68750   12.53
248.00000   12.53
248.00000   11.68
247.62500   11.68
247.62500   10.97
248.12500   10.97
248.12500   9.60
248.18750   9.98
247.75000   11.70
247.75000   11.70
248.37500   13.56
248.37500   13.56
248.25000   15.75
248.25000   15.75
248.37500   15.75
248.37500   16.68
248.50000   16.68
248.50000   16.68
248.50000   17.41
248.50000   17.41
248.50000   17.41
248.93750   17.63
248.93750   17.63
248.37500   17.63
248.37500   17.74
249.06250   17.74
249.06250   17.74
249.06250   18.46
248.93750   18.46
248.93750   18.46
248.50000   18.97
248.50000   18.97
248.93750   18.97
248.93750   18.23
248.93750   18.23
249.37500   18.23
249.37500   17.21
248.93750   17.21
248.93750   17.21
249.31250   16.40
249.31250   16.40
249.31250   16.40
249.31250   16.90
249.18750   16.90
249.18750   16.90
248.93750   17.25
248.93750   17.25
248.93750   17.25
249.37500   17.51
249.37500   17.51
249.25000   17.51
249.25000   18.17
249.50000   18.17
249.50000   18.17
249.50000   18.94
248.93750   18.94
248.93750   18.94
248.93750   19.51
248.93750   19.51
248.93750   19.51
249.50000   20.15
249.50000   20.15
249.50000   20.15
249.06250   20.84
249.06250   20.84
249.68750   20.84
249.68750   21.18
249.68750   21.18
248.68750   21.18
248.68750   21.49
248.68750   21.49
248.81250   21.49
248.81250   21.67
248.81250   21.67
248.56250   21.67
248.56250   22.17
248.56250   22.17
248.56250   22.17
248.56250   22.64
248.56250   22.64
248.62500   22.64
248.62500   22.44
248.50000   22.44
248.50000   22.44
248.50000   22.29
248.43750   22.29
248.43750   22.29
248.43750   22.25
248.00000   22.25
248.00000   22.25
248.00000   21.85
248.12500   21.85
248.12500   21.85
248.12500   21.61
248.12500   21.61
248.12500   21.61
248.00000   21.51
248.00000   21.51
248.00000   21.51
247.93750   21.14
247.93750   21.14
247.93750   21.14
247.87500   20.78
247.87500   20.78
247.87500   20.78
247.87500   20.72
247.87500   20.72
247.87500   20.72
247.87500   21.27
247.87500   21.27
247.62500   21.27
247.62500   21.16
247.50000   21.16
247.50000   21.16
247.50000   20.27
247.25000   20.27
247.25000   20.27
247.25000   16.94
247.25000   16.94
247.25000   16.94
247.25000   15.63
247.18750   15.63
247.18750   15.63
246.87500   17.90
246.87500   17.90
246.68750   17.90
246.68750   15.20
246.68750   15.20
245.81250   21.95
245.93750   21.95
245.93750   21.95
245.93750   13.95
246.31250   13.95
246.31250   24.17
245.62500   24.17
245.50000   24.17
245.50000   24.17
245.50000   12.54
245.50000   12.54
245.50000   25.48
244.93750   25.48
244.81250   25.48
244.81250   25.48
244.81250   14.64
245.00000   14.64
244.43750   25.39
244.43750   25.39
244.43750   25.39
244.43750   25.39
244.43750   14.67
244.43750   14.67
244.00000   25.73
244.06250   25.73
244.06250   25.73
244.06250   25.73
243.68750   15.01
243.68750   15.01
243.68750   25.69
243.56250   25.69
243.68750   25.69
243.68750   25.69
243.68750   14.78
243.31250   14.78
243.31250   25.69
243.56250   25.69
243.56250   25.69
243.43750   25.69
243.43750   17.24
243.43750   17.24
243.43750   17.24
243.43750   19.54
243.31250   19.54
243.31250   19.54
243.31250   19.74
242.87500   19.74
242.87500   19.74
242.87500   26.57
242.68750   26.57
242.68750   26.57
242.56250   26.57
242.56250   18.34
242.56250   18.34
242.56250   18.34
242.18750   28.42
241.56250   28.42
241.56250   28.42
241.56250   28.42
241.56250   11.62
241.50000   11.62
241.18750   29.55
241.18750   29.55
241.18750   29.55
240.87500   29.55
240.87500   14.92
241.00000   14.92
241.00000   20.39
241.00000   20.39
241.00000   20.39
240.56250   30.79
240.56250   30.79
240.06250   30.79
240.06250   30.79
240.06250   12.38
240.06250   12.38
239.87500   30.60
239.50000   30.60
239.50000   30.60
239.50000   30.60
239.06250   14.98
239.06250   14.98
239.06250   9.70
238.25000   16.72
238.25000   16.72
238.50000   16.72
238.37500   10.50
238.43750   10.50
238.37500   0.00
238.31250   0.40
238.31250   6.83
237.56250   9.77
237.31250   6.52
237.31250   7.35
237.25000   15.93
237.25000   15.93
237.25000   15.93
236.37500   17.06
236.37500   17.06
236.81250   17.06
236.81250   11.24
236.81250   11.24
236.06250   19.30
236.06250   19.30
236.06250   19.30
235.87500   12.24
236.18750   12.24
236.18750   10.55
235.37500   10.55
235.37500   22.04
235.62500   22.04
235.62500   22.04
235.12500   16.32
235.12500   16.32
235.12500   16.32
234.87500   16.98
235.06250   16.98
235.06250   16.98
234.81250   11.95
234.81250   11.95
234.87500   16.58
234.81250   16.58
234.62500   16.58
234.50000   0.00
234.75000   1.80
234.75000   5.19
234.75000   6.02
234.75000   5.96
234.43750   0.00
234.31250   1.05
234.37500   5.40
234.68750   8.98
234.18750   5.08
234.31250   0.00
234.25000   0.33
234.25000   5.38
234.25000   7.64
234.37500   10.26
233.93750   12.64
233.93750   12.64
234.06250   14.38
234.06250   14.38
234.06250   15.93
233.93750   15.93
233.93750   15.93
233.81250   17.69
233.81250   17.69
233.68750   17.69
233.68750   19.41
233.68750   19.41
233.87500   19.41
233.87500   20.60
233.87500   20.60
233.68750   20.60
233.68750   21.29
233.75000   21.29
233.75000   21.29
233.75000   22.14
233.31250   22.14
233.31250   22.14
233.31250   23.39
233.37500   23.39
233.37500   23.39
233.37500   24.27
233.37500   24.27
232.93750   24.27
232.93750   24.27
232.93750   25.13
232.81250   25.13
232.81250   25.13
232.81250   25.13
232.62500   25.99
232.62500   25.99
232.62500   25.99
232.62500   25.99
232.62500   26.80
232.62500   26.80
232.62500   26.80
232.31250   26.80
232.31250   27.27
232.31250   27.27
232.31250   27.27
231.81250   27.27
231.81250   27.76
231.81250   27.76
231.75000   27.76
231.75000   27.76
231.75000   28.47
231.75000   28.47
231.68750   28.47
231.68750   28.47
231.68750   29.14
231.68750   29.14
231.68750   29.14
231.68750   29.14
231.68750   29.50
231.68750   29.50
231.43750   29.50
231.43750   29.50
231.43750   29.92
230.62500   29.92
230.62500   29.92
230.62500   29.92
230.62500   30.60
230.50000   30.60
230.50000   30.60
230.50000   30.60
230.50000   31.41
230.06250   31.41
230.06250   31.41
230.06250   31.41
230.06250   31.41
230.06250   32.41
229.81250   32.41
229.81250   32.41
229.81250   32.41
229.81250   32.41
229.31250   32.57
229.31250   32.57
229.31250   32.57
229.31250   32.57
229.00000   32.57
229.00000   32.68
229.00000   32.68
229.00000   32.68
228.62500   32.68
228.62500   32.68
228.62500   33.94
228.62500   33.94
228.93750   33.94
228.93750   33.94
228.93750   33.94
228.93750   28.40
228.25000   28.40
228.25000   28.40
228.25000   28.40
228.18750   33.84
228.18750   33.84
228.18750   33.84
228.18750   33.84
228.00000   33.84
228.00000   23.96
228.00000   23.96
227.87500   23.96
227.87500   23.96
227.87500   26.84
227.75000   26.84
227.75000   26.84
227.75000   26.84
227.37500   22.07
227.37500   22.07
227.37500   22.07
227.25000   31.37
227.25000   31.37
227.25000   31.37
227.25000   31.37
227.25000   10.34
227.25000   10.34
226.75000   25.43
226.75000   25.43
226.75000   25.43
226.75000   25.43
226.93750   30.42
226.56250   30.42
226.56250   30.42
226.56250   30.42
226.56250   20.15
225.87500   20.15
225.87500   20.15
225.87500   30.11
226.18750   30.11
225.93750   30.11
225.93750   30.11
225.93750   13.25
225.93750   13.25
225.75000   29.44
225.75000   29.44
225.75000   29.44
225.75000   29.44
225.75000   14.58
225.68750   14.58
225.68750   19.16
225.68750   19.16
225.68750   19.16
225.43750   28.77
225.37500   28.77
225.37500   28.77
225.37500   28.77
225.75000   10.85
225.75000   10.85
225.75000   27.86
225.75000   27.86
225.18750   27.86
225.18750   27.86
225.18750   16.25
225.18750   16.25
225.06250   16.25
225.06250   21.87
225.06250   21.87
225.50000   21.87
225.43750   29.50
225.06250   29.50
225.06250   29.50
225.06250   29.50
225.31250   11.70
225.31250   11.70
225.06250   27.86
225.68750   27.86
225.68750   27.86
225.68750   27.86
225.81250   13.13
225.81250   13.13
225.81250   24.67
225.56250   24.67
225.81250   24.67
225.81250   24.67
225.93750   14.55
225.93750   14.55
226.06250   14.68
226.06250   14.68
226.18750   12.20
226.37500   12.20
226.37500   14.20
225.81250   14.20
225.81250   16.10
225.81250   16.10
225.87500   16.10
225.87500   17.77
225.62500   17.77
225.62500   17.77
225.31250   19.23
225.31250   19.23
225.31250   19.23
225.62500   20.31
225.62500   20.31
225.62500   20.31
225.68750   21.12
225.68750   21.12
225.68750   21.12
225.43750   21.94
225.43750   21.94
225.43750   21.94
225.43750   22.57
225.43750   22.57
225.18750   22.57
225.18750   23.20
225.18750   23.20
225.18750   23.20
225.31250   23.80
225.31250   23.80
225.31250   23.80
224.75000   23.80
224.75000   24.42
224.75000   24.42
224.81250   24.42
224.81250   24.42
224.81250   25.13
224.50000   25.13
224.50000   25.13
224.50000   25.13
224.62500   25.69
224.62500   25.69
224.62500   25.69
224.62500   25.69
224.50000   26.34
224.50000   26.34
224.50000   26.34
224.37500   26.34
224.37500   26.87
224.37500   26.87
224.37500   26.87
223.56250   26.87
223.56250   27.39
223.56250   27.39
223.12500   27.39
223.12500   27.39
223.12500   27.61
223.12500   27.61
223.50000   27.61
223.50000   27.61
223.50000   27.68
223.43750   27.68
223.43750   27.68
223.43750   27.68
223.43750   27.63
223.25000   27.63
223.25000   27.63
223.25000   27.63
223.25000   27.66
223.25000   27.66
223.25000   27.66
223.25000   27.66
222.68750   27.49
222.68750   27.49
222.68750   27.49
222.50000   27.49
222.50000   27.34
222.50000   27.34
222.50000   27.34
222.68750   27.34
222.68750   27.20
222.68750   27.20
222.12500   27.20
222.12500   27.20
222.12500   27.01
222.12500   27.01
222.06250   27.01
222.06250   27.01
222.06250   26.84
222.25000   26.84
222.25000   26.84
222.25000   26.84
222.25000   26.87
221.81250   26.87
221.81250   26.87
221.81250   26.87
221.62500   27.37
221.62500   27.37
221.62500   27.37
221.62500   27.37
221.87500   27.44
221.87500   27.44
221.87500   27.44
221.31250   27.44
221.31250   27.34
221.31250   27.34
221.31250   27.34
221.25000   27.34
221.25000   27.63
221.25000   27.63
221.12500   27.63
221.12500   27.63
221.12500   27.81
221.12500   27.81
221.25000   27.81
221.25000   27.81
221.25000   28.47
220.87500   28.47
220.87500   28.47
220.87500   28.47
220.87500   28.97
220.75000   28.97
220.75000   28.97
220.75000   28.97
220.75000   29.11
220.56250   29.11
220.56250   29.11
220.56250   29.11
220.56250   29.84
220.18750   29.84
220.18750   29.84
220.18750   29.84
220.18750   30.33
219.68750   30.33
219.68750   30.33
219.68750   30.33
219.43750   30.76
219.43750   30.76
219.43750   30.76
219.43750   30.76
219.18750   31.28
219.18750   31.28
219.18750   31.28
219.18750   31.28
219.18750   31.28
218.62500   31.82
218.62500   31.82
218.62500   31.82
218.62500   31.82
218.56250   31.82
218.56250   32.24
218.56250   32.24
218.56250   32.24
218.31250   32.24
218.31250   32.24
218.31250   32.71
218.31250   32.71
217.93750   32.71
217.93750   32.71
217.93750   32.71
217.93750   33.10
217.50000   33.10
217.50000   33.10
217.50000   33.10
217.50000   33.10
217.50000   33.53
216.81250   33.53
216.81250   33.53
216.81250   33.53
216.81250   33.53
216.43750   34.03
216.43750   34.03
216.43750   34.03
216.43750   34.03
216.00000   34.03
216.00000   34.45
216.00000   34.45
216.00000   34.45
216.00000   34.45
216.37500   34.45
216.37500   34.82
216.37500   34.82
216.37500   34.82
215.68750   34.82
215.68750   34.82
215.68750   35.07
215.68750   35.07
215.68750   35.07
215.31250   35.07
215.31250   35.07
215.31250   35.26
215.31250   35.26
214.75000   35.26
214.75000   35.26
214.75000   35.26
214.75000   35.36
214.75000   35.36
214.18750   35.36
214.18750   35.36
214.18750   35.36
214.18750   35.59
213.93750   35.59
213.93750   35.59
213.93750   35.59
213.93750   35.59
213.93750   35.75
214.18750   35.75
214.18750   35.75
214.18750   35.75
214.18750   35.75
214.18750   35.85
213.56250   35.85
213.56250   35.85
213.56250   35.85
213.56250   35.85
213.00000   35.52
213.00000   35.52
213.00000   35.52
213.00000   35.52
213.00000   35.52
212.93750   35.33
212.93750   35.33
212.93750   35.33
212.93750   35.33
212.50000   35.33
212.50000   35.14
212.50000   35.14
212.50000   35.14
212.50000   35.14
211.75000   35.14
211.75000   34.88
211.75000   34.88
211.75000   34.88
211.43750   34.88
211.43750   34.88
211.43750   35.04
211.43750   35.04
211.56250   35.04
211.56250   35.04
211.56250   35.04
211.56250   34.79
211.56250   34.79
211.12500   34.79
211.12500   34.79
211.12500   34.79
211.12500   34.54
211.12500   34.54
211.12500   34.54
211.12500   34.54
211.12500   34.54
211.12500   34.45
210.93750   34.45
210.93750   34.45
210.93750   34.45
210.93750   34.45
210.68750   34.39
210.68750   34.39
210.68750   34.39
210.68750   34.39
210.06250   34.39
210.06250   34.30
210.06250   34.30
210.06250   34.30
210.06250   34.30
209.62500   34.30
209.62500   34.45
209.62500   34.45
209.62500   34.45
208.81250   34.45
208.81250   34.45
208.81250   34.73
208.81250   34.73
208.81250   34.73
208.75000   34.73
208.75000   34.73
208.75000   35.14
208.75000   35.14
208.87500   35.14
208.87500   35.14
208.87500   35.14
208.87500   35.36
208.87500   35.36
207.93750   35.36
207.93750   35.36
207.93750   35.36
207.93750   35.46
207.56250   35.46
207.56250   35.46
207.56250   35.46
207.56250   35.46
207.56250   35.39
207.18750   35.39
207.18750   35.39
207.18750   35.39
207.18750   35.39
206.56250   35.23
206.56250   35.23
206.56250   35.23
206.56250   35.23
206.56250   35.23
206.12500   34.88
206.12500   34.88
206.12500   34.88
206.12500   34.88
205.93750   34.88
205.93750   34.54
205.93750   34.54
205.93750   34.54
205.93750   34.54
204.87500   34.54
204.87500   34.36
204.87500   34.36
204.87500   34.36
204.43750   34.36
204.43750   34.36
204.43750   34.42
204.43750   34.42
204.62500   34.42
204.62500   34.42
204.62500   34.42
204.62500   34.48
204.62500   34.48
203.56250   34.48
203.56250   34.48
203.56250   34.48
203.56250   34.33
203.31250   34.33
203.31250   34.33
203.31250   34.33
203.31250   34.33
203.43750   34.06
203.43750   34.06
203.43750   34.06
203.43750   34.06
203.43750   34.06
202.75000   33.50
202.75000   33.50
202.75000   33.50
202.75000   33.50
202.81250   33.50
202.81250   32.90
202.81250   32.90
202.81250   32.90
202.87500   32.90
202.87500   32.90
202.87500   32.33
202.87500   32.33
203.06250   32.33
203.06250   32.33
203.06250   32.33
203.06250   31.61
202.68750   31.61
202.68750   31.61
202.68750   31.61
202.68750   31.61
202.68750   29.63
202.68750   29.63
202.68750   29.63
202.43750   29.63
202.43750   24.53
202.43750   24.53
202.00000   24.53
202.00000   24.53
202.37500   18.00
202.37500   18.00
202.50000   18.00
202.50000   16.38
202.00000   16.38
201.75000   16.38
201.75000   13.57
201.75000   13.57
201.75000   15.33
200.93750   15.33
200.93750   17.65
200.93750   17.65
200.93750   17.65
200.75000   14.55
200.75000   14.55
200.50000   20.44
199.75000   20.44
199.75000   20.44
199.75000   10.56
199.75000   10.56
199.75000   20.83
199.43750   20.83
199.43750   20.83
199.43750   21.39
198.68750   21.39
198.56250   21.39
198.56250   13.58
198.56250   13.58
198.37500   23.02
198.18750   23.02
198.18750   23.02
197.75000   11.81
197.75000   11.81
198.12500   23.51
197.93750   23.51
197.93750   23.51
197.25000   23.51
197.25000   11.40
197.50000   11.40
197.50000   19.35
197.50000   19.35
197.50000   19.35
197.50000   17.61
196.93750   17.61
196.93750   17.61
197.00000   14.90
197.00000   14.90
196.18750   16.76
196.00000   16.76
196.00000   16.76
196.00000   14.17
196.31250   14.17
196.31250   20.31
195.87500   20.31
195.56250   20.31
195.56250   13.19
195.56250   13.19
195.37500   23.05
195.00000   2.59
194.68750   2.59
194.43750   0.00
194.93750   0.11
194.50000   5.15
194.68750   7.39
195.06250   8.23
195.06250   9.88
194.68750   11.41
194.56250   11.41
194.56250   12.00
194.75000   12.00
194.75000   12.32
194.81250   12.32
194.81250   13.50
194.68750   13.50
194.68750   15.06
194.68750   15.06
194.68750   16.68
194.81250   16.68
194.81250   16.68
194.31250   17.63
194.31250   17.63
194.56250   17.63
194.56250   17.71
194.56250   17.71
194.50000   17.71
194.50000   17.83
194.56250   17.83
194.56250   17.83
193.93750   18.80
193.93750   18.80
193.93750   18.80
194.56250   19.12
194.56250   19.12
194.12500   19.12
194.12500   19.38
194.12500   19.38
193.93750   19.38
193.93750   19.98
194.56250   19.98
194.56250   19.98
194.56250   20.01
193.93750   20.01
193.93750   20.01
193.93750   20.13
194.12500   20.13
194.12500   20.13
194.12500   20.54
194.12500   20.54
194.12500   20.54
193.93750   21.37
193.93750   21.37
193.93750   21.37
193.68750   21.89
193.68750   21.89
193.68750   21.89
193.87500   21.87
193.87500   21.87
194.25000   21.87
194.25000   21.63
194.25000   21.63
194.25000   21.63
194.25000   21.47
194.25000   21.47
193.81250   21.47
194.12500   15.96
194.12500   15.96
193.81250   15.96
193.81250   15.19
193.81250   15.19
193.93750   20.12
193.93750   20.12
194.00000   20.12
194.00000   10.70
194.00000   10.70
193.75000   22.04
193.75000   22.04
193.75000   22.04
193.87500   22.42
193.87500   22.42
193.87500   22.42
193.93750   21.87
193.93750   21.87
193.87500   21.87
193.87500   21.73
194.00000   21.73
194.81250   21.73
194.81250   11.71
195.12500   11.71
195.12500   12.29
195.50000   12.29
195.87500   16.52
195.87500   16.52
196.56250   16.52
197.06250   7.45
197.31250   6.89
197.31250   12.28
197.06250   12.28
197.68750   12.53
197.68750   12.53
197.75000   13.21
197.75000   13.21
198.06250   12.65
198.18750   12.65
198.56250   5.74
198.43750   11.84
198.43750   11.84
198.25000   6.65
198.31250   7.53
198.31250   16.03
197.62500   16.03
197.62500   16.03
197.93750   17.47
197.81250   17.47
197.81250   17.47
197.56250   9.57
197.56250   20.31
197.56250   20.31
197.56250   20.31
197.43750   15.38
197.18750   15.38
197.18750   12.83
197.31250   12.83
197.31250   13.12
197.87500   13.12
197.87500   19.06
197.93750   19.06
197.93750   19.06
197.81250   13.97
197.81250   13.97
198.43750   17.57
198.43750   17.57
198.43750   17.57
199.00000   12.39
199.00000   12.39
199.12500   15.90
199.43750   15.90
199.43750   15.90
199.62500   10.63
199.56250   10.63
199.56250   12.17
199.68750   12.17
200.00000   11.10
200.25000   11.10
200.25000   9.86
200.50000   8.86
200.81250   9.02
200.62500   9.12
200.93750   9.27
200.81250   8.45
201.12500   0.00
201.12500   1.41
201.68750   0.00
201.56250   0.00
201.50000   5.76
201.75000   9.09
201.62500   8.71
201.75000   9.30
201.50000   0.00
201.31250   0.33
200.93750   3.87
200.75000   8.05
200.37500   8.55
200.18750   7.97
200.18750   7.95
200.25000   8.63
200.75000   10.14
201.00000   10.41
200.87500   10.41
200.87500   10.42
200.87500   10.42
201.37500   10.39
201.68750   10.39
201.68750   10.04
201.81250   9.77
201.87500   9.77
202.25000   9.67
202.37500   10.06
202.37500   9.75
202.31250   9.58
202.50000   9.51
202.68750   10.11
202.68750   10.64
202.75000   10.64
203.43750   11.67
203.43750   11.67
203.43750   12.07
203.68750   12.07
203.68750   12.33
204.31250   12.33
204.31250   12.44
204.31250   12.44
204.43750   12.35
204.43750   12.35
204.75000   12.47
204.75000   12.47
204.75000   12.51
205.12500   12.51
205.31250   12.32
205.31250   12.32
205.25000   12.56
205.25000   12.56
205.31250   12.44
205.87500   12.44
205.87500   12.39
206.12500   12.39
206.68750   12.03
206.68750   12.03
206.75000   12.29
206.75000   12.29
206.81250   12.81
207.06250   12.81
207.06250   12.90
207.18750   12.90
207.18750   12.93
207.18750   12.93
207.31250   12.96
207.31250   12.96
207.50000   13.09
207.56250   13.09
207.56250   12.90
207.68750   12.90
207.68750   12.87
207.81250   12.87
208.37500   13.13
208.37500   13.13
208.43750   12.77
208.43750   12.77
208.31250   12.58
208.37500   12.58
208.37500   12.45
208.43750   12.45
208.43750   12.45
208.43750   12.45
209.00000   12.43
209.00000   12.43
208.93750   12.44
209.25000   12.44
209.25000   12.35
209.43750   12.35
209.56250   12.06
209.56250   12.06
209.31250   12.07
209.50000   12.07
209.50000   12.56
209.56250   12.56
209.56250   12.90
209.68750   12.90
209.68750   13.03
209.68750   13.03
209.56250   13.48
209.56250   13.48
209.87500   13.95
209.87500   13.95
209.93750   14.22
209.93750   14.22
210.12500   14.53
210.12500   14.53
210.06250   14.79
209.87500   14.79
209.87500   15.42
210.12500   15.42
210.12500   15.44
210.56250   15.44
210.56250   14.71
210.00000   14.71
210.00000   13.71
210.43750   13.71
210.43750   12.59
210.43750   12.59
210.18750   11.69
210.25000   11.69
210.25000   11.08
210.06250   11.08
209.87500   11.18
209.87500   11.18
209.50000   11.67
209.75000   11.67
209.75000   13.12
209.81250   13.12
209.81250   13.73
209.68750   13.73
209.68750   14.05
209.43750   14.05
209.37500   14.12
209.37500   14.12
209.56250   14.43
209.56250   14.43
208.87500   15.33
208.87500   15.33
208.87500   16.81
208.56250   16.81
208.56250   16.81
208.31250   18.95
208.31250   18.95
208.31250   18.95
207.68750   21.59
207.68750   21.59
207.68750   21.59
206.68750   24.37
206.68750   24.37
206.68750   24.37
205.81250   24.37
205.81250   22.36
205.81250   22.36
204.12500   22.36
204.12500   30.87
204.12500   30.87
204.12500   30.87
204.12500   30.87
202.62500   16.76
202.62500   16.76
202.62500   16.76
202.62500   35.10
201.62500   35.10
201.62500   35.10
200.81250   35.10
200.81250   35.10
200.81250   12.97
200.81250   12.97
200.37500   37.30
200.37500   37.30
199.87500   37.30
199.87500   37.30
199.87500   37.30
199.87500   24.08
199.06250   24.08
199.06250   24.08
199.06250   24.08
198.31250   25.71
198.31250   25.71
198.31250   25.71
198.31250   25.71
197.56250   29.39
196.87500   29.39
196.87500   29.39
196.87500   29.39
196.87500   18.23
196.37500   18.23
196.37500   18.23
195.43750   31.32
195.43750   31.32
194.75000   31.32
194.75000   31.32
194.75000   10.21
194.18750   10.21
194.18750   15.67
194.18750   15.67
194.18750   15.67
193.68750   29.65
192.93750   29.65
192.50000   29.65
192.50000   7.76
191.50000   7.76
190.75000   14.95
190.75000   14.95
190.75000   14.03
189.75000   14.03
188.75000   24.02
188.75000   24.02
188.75000   24.02
188.62500   24.02
188.62500   10.93
188.62500   10.93
188.62500   23.51
188.06250   23.51
188.06250   23.51
187.81250   23.51
187.81250   12.52
187.81250   12.52
187.50000   24.55
187.50000   24.55
187.50000   24.55
187.00000   24.55
187.00000   21.95
186.81250   21.95
186.81250   21.95
186.81250   20.69
186.56250   20.69
186.56250   20.69
186.56250   20.71
186.18750   20.71
186.18750   20.71
186.68750   21.43
186.68750   21.43
186.68750   21.43
186.68750   22.29
186.68750   22.29
186.68750   22.29
186.18750   22.62
186.18750   22.62
186.18750   22.62
186.00000   22.82
186.00000   22.82
186.00000   22.82
186.00000   23.09
186.00000   23.09
186.00000   23.09
186.12500   23.37
186.12500   23.37
186.12500   23.37
185.56250   23.53
185.56250   23.53
185.56250   23.53
185.68750   23.53
185.68750   23.76
185.68750   23.76
185.75000   23.76
185.75000   23.76
185.75000   23.96
185.31250   23.96
185.31250   23.96
185.31250   23.96
185.25000   24.43
185.25000   24.43
185.25000   24.43
185.12500   24.43
185.12500   24.40
185.12500   24.40
184.87500   24.40
184.87500   24.40
184.87500   22.50
184.18750   22.50
184.18750   22.50
183.93750   23.53
183.93750   23.53
183.93750   23.53
183.37500   23.53
183.37500   19.58
183.37500   19.58
183.37500   19.58
182.68750   24.29
182.68750   24.29
182.25000   24.29
182.25000   24.29
181.56250   18.60
181.56250   18.60
181.56250   18.60
181.00000   21.10
181.00000   21.10
180.68750   21.10
180.68750   15.36
180.43750   15.36
180.18750   21.17
180.18750   21.17
179.93750   21.17
179.93750   10.97
179.93750   10.97
179.81250   22.04
179.81250   22.04
179.50000   22.04
179.50000   9.67
179.75000   22.36
179.68750   22.36
179.68750   22.36
179.68750   13.45
179.50000   13.45
179.50000   22.01
179.31250   22.01
179.31250   22.01
179.31250   16.37
179.18750   16.37
179.18750   16.37
179.43750   21.49
179.43750   21.49
179.06250   21.49
179.06250   15.97
179.06250   15.97
178.87500   15.97
179.00000   20.84
179.00000   20.84
179.00000   20.84
179.00000   15.41
179.00000   15.41
179.00000   20.10
178.87500   20.10
178.87500   20.10
178.56250   19.82
178.56250   19.82
178.56250   19.82
178.68750   19.59
178.68750   19.59
178.93750   19.59
178.93750   19.41
178.68750   19.41
178.68750   19.41
178.68750   18.20
178.75000   18.20
178.75000   18.20
178.75000   17.69
178.75000   17.69
178.62500   17.69
178.62500   16.89
178.87500   16.89
178.87500   16.89
178.75000   14.21
178.56250   14.21
178.56250   13.35
178.43750   13.35
178.43750   13.38
178.37500   13.38
178.37500   13.30
178.62500   13.30
178.18750   13.23
178.18750   13.23
178.18750   11.39
178.31250   11.39
178.18750   9.34
178.12500   10.25
178.12500   11.31
178.43750   11.31
178.43750   11.96
178.06250   11.96
178.06250   13.84
178.31250   13.84
178.31250   15.70
178.18750   15.70
178.18750   15.70
177.87500   17.29
177.87500   17.29
178.00000   17.29
178.00000   18.83
178.00000   18.83
178.31250   18.83
178.31250   18.81
177.93750   18.81
177.93750   18.81
177.93750   18.55
177.93750   18.55
177.93750   18.55
177.56250   19.72
177.56250   19.72
177.93750   19.72
177.93750   16.37
177.93750   16.37
177.93750   16.37
177.93750   23.09
177.93750   23.09
177.93750   23.09
177.81250   13.71
177.81250   13.71
177.93750   22.29
177.93750   22.29
177.87500   22.29
177.87500   13.18
177.81250   13.18
177.68750   21.64
177.75000   21.64
177.75000   21.64
177.75000   10.62
177.68750   10.62
177.87500   20.77
177.50000   20.77
177.50000   20.77
177.50000   10.29
177.25000   19.84
177.50000   19.84
177.50000   19.84
177.50000   14.81
177.37500   14.81
177.37500   20.63
177.31250   20.63
177.31250   20.63
177.25000   13.17
177.25000   13.17
177.25000   23.02
177.56250   23.02
177.06250   23.02
177.06250   11.70
176.93750   11.70
177.12500   22.39
177.56250   22.39
177.56250   22.39
177.56250   10.67
177.68750   10.67
177.68750   20.74
177.06250   20.74
177.00000   20.74
177.00000   12.45
177.00000   12.45
177.12500   20.28
177.12500   20.28
176.81250   20.28
176.81250   9.88
177.06250   19.20
177.06250   19.20
176.68750   19.20
176.68750   14.08
177.18750   14.08
176.56250   18.23
177.00000   18.23
177.00000   18.23
177.00000   10.48
176.87500   10.48
176.87500   17.09
177.00000   17.09
177.00000   17.09
176.75000   15.57
176.75000   15.57
177.31250   15.57
177.00000   14.91
177.00000   14.91
176.87500   14.98
176.87500   14.98
176.87500   14.67
176.87500   14.67
176.81250   12.88
176.50000   12.88
176.50000   12.34
176.56250   12.34
176.56250   11.67
176.56250   11.67
176.25000   11.31
176.56250   11.31
