176.12500   0.00
176.31250   0.16
176.56250   0.16
176.31250   8.00
176.31250   8.82
176.31250   9.55
176.06250   10.36
176.06250   10.36
176.06250   11.13
176.31250   11.13
176.43750   12.00
176.43750   12.00
176.06250   12.51
176.06250   12.51
176.18750   12.53
176.37500   12.53
176.37500   13.10
176.43750   13.10
176.43750   13.57
176.87500   13.57
176.87500   13.99
176.31250   13.99
176.31250   14.69
176.37500   14.69
176.37500   15.55
176.50000   15.55
176.50000   16.11
176.68750   16.11
176.68750   16.11
176.43750   16.44
176.43750   16.44
176.62500   16.44
176.62500   17.01
176.56250   17.01
176.56250   17.01
176.56250   17.75
176.68750   17.75
176.68750   17.75
176.87500   17.90
176.87500   17.90
176.75000   17.90
176.75000   16.60
176.50000   16.60
176.50000   16.60
177.00000   15.47
177.00000   15.47
176.68750   15.91
176.68750   15.91
177.18750   15.91
177.18750   16.40
177.18750   16.40
177.18750   16.40
177.43750   16.89
177.43750   16.89
177.43750   16.89
177.18750   17.54
177.18750   17.54
177.31250   17.54
177.31250   18.04
177.18750   18.04
177.18750   18.04
177.18750   18.57
177.00000   18.57
177.00000   18.57
177.31250   18.89
177.31250   18.89
177.31250   18.89
177.31250   18.97
177.31250   18.97
177.12500   18.97
177.12500   18.85
176.93750   18.85
176.93750   18.85
176.93750   18.75
177.31250   18.75
177.31250   18.75
177.18750   18.74
177.18750   18.74
176.68750   18.74
176.68750   18.50
176.68750   18.50
177.56250   18.50
177.56250   18.44
177.43750   18.44
177.43750   18.44
177.43750   18.41
177.31250   18.41
177.31250   18.41
177.18750   18.38
177.18750   18.38
177.43750   18.38
177.43750   18.66
177.43750   18.66
177.50000   18.66
177.50000   18.69
176.93750   18.69
176.93750   18.69
176.93750   18.91
177.62500   18.91
177.62500   18.91
177.25000   19.30
177.25000   19.30
177.56250   19.30
177.56250   19.69
177.56250   19.69
177.62500   19.69
177.62500   20.26
177.62500   20.26
177.87500   20.26
177.87500   20.31
177.43750   20.31
177.43750   20.31
177.43750   19.96
177.68750   19.96
177.68750   19.96
177.31250   19.94
177.31250   19.94
177.31250   19.94
177.93750   19.96
177.93750   19.96
177.56250   19.96
177.56250   19.94
177.56250   19.94
177.68750   19.94
177.68750   19.91
177.56250   19.91
177.75000   19.91
177.68750   9.35
177.68750   8.81
177.68750   18.34
177.68750   18.34
178.06250   18.34
177.31250   13.80
177.31250   13.80
178.00000   12.49
178.00000   12.49
177.81250   19.04
177.81250   19.04
177.81250   19.04
177.93750   11.07
177.93750   11.07
178.37500   18.17
178.37500   18.17
178.31250   18.17
178.06250   17.50
178.06250   17.50
178.43750   17.50
178.43750   12.28
178.56250   12.28
178.56250   15.08
178.18750   15.08
178.18750   14.27
178.37500   14.27
178.37500   13.56
178.25000   13.56
178.43750   13.57
178.43750   13.57
178.12500   14.56
178.12500   14.56
178.12500   15.38
178.12500   15.38
178.50000   16.08
178.50000   16.08
178.50000   16.08
177.93750   16.77
177.93750   16.77
178.31250   16.77
178.31250   17.46
178.00000   17.46
178.00000   17.46
178.12500   17.83
178.12500   17.83
178.12500   17.83
178.43750   17.92
178.43750   17.92
178.12500   17.92
178.12500   17.90
178.18750   17.90
178.18750   17.90
178.56250   17.86
178.56250   17.86
178.56250   17.86
178.37500   17.92
178.37500   17.92
178.68750   17.92
178.68750   18.03
179.00000   18.03
179.00000   18.03
179.00000   18.07
178.56250   18.07
178.56250   18.07
178.50000   17.82
178.50000   17.82
178.93750   17.82
178.93750   17.46
178.68750   17.46
178.68750   17.46
178.68750   17.42
178.87500   17.42
178.87500   17.42
178.68750   17.19
178.68750   17.19
179.12500   17.19
179.12500   16.84
179.25000   16.84
179.25000   16.84
178.93750   16.76
178.93750   16.76
179.75000   16.76
179.75000   14.71
180.00000   14.71
180.43750   13.39
180.43750   13.39
180.93750   11.66
181.25000   11.66
181.18750   10.06
181.18750   10.06
181.00000   9.93
181.56250   9.88
182.25000   9.80
182.43750   9.71
182.43750   9.77
182.68750   9.40
183.18750   9.46
183.06250   9.70
183.31250   10.21
183.31250   10.26
183.50000   10.25
183.62500   10.15
183.68750   10.19
183.68750   10.54
184.12500   10.54
183.75000   10.81
184.37500   10.81
184.37500   10.50
184.68750   10.50
184.62500   10.43
185.06250   10.43
185.06250   10.85
185.06250   10.85
184.62500   10.95
184.62500   10.95
185.06250   10.63
185.06250   10.63
185.31250   10.52
185.31250   10.52
185.56250   10.69
185.56250   10.69
185.62500   10.73
185.62500   10.73
185.87500   11.08
186.00000   11.08
186.00000   11.37
186.06250   11.37
186.06250   11.31
186.06250   11.31
186.31250   11.38
185.81250   11.38
185.81250   11.71
185.93750   11.71
186.00000   12.01
186.00000   12.01
185.87500   12.45
185.93750   12.45
185.93750   12.20
186.25000   12.20
186.25000   12.65
186.56250   12.65
186.50000   11.89
186.50000   11.89
186.56250   12.04
186.25000   12.04
186.25000   12.18
186.81250   12.18
186.68750   12.44
186.68750   12.44
186.68750   12.67
186.68750   12.67
186.68750   12.53
186.93750   12.53
186.93750   12.32
186.87500   12.32
187.25000   12.06
187.25000   12.06
187.50000   11.78
187.62500   11.78
187.62500   11.64
187.75000   11.64
187.81250   12.01
187.81250   12.01
188.12500   11.76
188.06250   11.76
188.06250   11.22
188.37500   11.22
188.37500   10.93
188.50000   10.93
188.50000   10.87
188.75000   10.87
189.43750   10.83
189.43750   10.83
189.43750   10.72
189.81250   10.72
190.18750   10.38
190.31250   10.38
190.31250   10.56
190.87500   10.56
191.31250   10.63
191.31250   10.63
191.25000   10.91
191.75000   10.91
191.62500   10.88
191.62500   10.88
191.87500   10.88
192.06250   10.88
192.06250   10.65
192.50000   10.65
192.56250   10.92
192.93750   10.92
192.93750   10.95
193.06250   10.95
193.43750   11.17
193.43750   11.17
193.50000   10.83
193.31250   10.83
193.43750   9.91
194.12500   9.42
194.12500   9.73
194.00000   10.41
194.06250   10.41
194.75000   11.29
194.75000   11.29
194.68750   11.20
194.75000   11.20
194.75000   10.41
194.81250   10.41
195.25000   10.13
195.43750   9.93
195.68750   10.25
195.68750   10.44
195.68750   10.44
195.93750   10.97
195.81250   10.97
195.81250   10.26
196.06250   9.50
196.18750   9.63
196.68750   9.96
196.43750   9.77
196.43750   9.82
196.68750   10.17
196.87500   10.33
197.31250   10.33
197.31250   10.30
197.31250   10.41
197.56250   10.41
197.62500   10.16
197.62500   9.82
197.87500   9.90
197.81250   10.13
198.00000   10.25
198.62500   10.60
198.62500   10.60
198.18750   10.59
198.56250   10.59
198.56250   10.62
198.87500   10.62
198.87500   10.80
199.12500   10.80
199.12500   10.53
199.37500   10.53
199.37500   10.58
199.50000   10.58
199.50000   10.33
200.00000   10.33
199.68750   9.92
199.75000   9.13
199.87500   8.73
199.93750   8.32
200.25000   8.49
200.12500   8.89
200.12500   9.37
200.50000   9.71
200.50000   9.87
201.18750   10.11
201.18750   10.46
201.12500   10.46
201.25000   10.08
201.25000   9.90
201.68750   10.19
201.68750   10.37
201.62500   10.37
202.50000   10.63
202.50000   10.63
202.25000   10.76
202.50000   10.76
203.00000   10.73
203.00000   10.73
203.12500   10.37
203.18750   10.37
203.75000   9.87
203.81250   9.96
203.81250   9.87
204.43750   9.97
204.75000   10.10
205.18750   10.25
205.18750   10.54
205.68750   10.54
206.37500   11.13
206.37500   11.13
206.37500   10.24
206.62500   9.29
206.56250   9.82
207.75000   10.48
207.68750   10.48
207.68750   10.13
208.18750   9.48
208.18750   9.54
208.31250   9.81
208.06250   10.06
208.06250   10.06
208.18750   10.22
208.56250   10.26
208.50000   10.36
208.50000   10.36
208.37500   10.93
208.31250   10.93
208.31250   11.22
208.43750   11.22
208.18750   10.56
207.81250   10.56
207.68750   8.97
208.12500   8.54
208.12500   9.48
207.93750   10.34
208.06250   10.34
208.06250   11.50
207.81250   11.50
207.62500   12.40
207.62500   12.40
207.81250   12.98
207.81250   12.98
207.50000   13.49
207.18750   13.49
207.18750   13.92
207.31250   13.92
207.31250   13.56
207.56250   13.56
207.56250   13.55
207.81250   13.55
207.31250   13.71
207.31250   13.71
207.62500   14.12
207.62500   14.12
207.31250   15.17
207.31250   15.17
207.37500   15.66
207.43750   15.66
207.43750   15.66
207.43750   12.75
206.93750   12.75
206.93750   18.54
206.81250   18.54
206.81250   18.54
206.50000   14.17
206.50000   14.17
206.12500   19.62
206.12500   19.62
205.81250   5.14
205.81250   5.14
205.81250   22.04
205.43750   22.04
205.25000   22.04
205.25000   8.43
205.43750   22.36
205.43750   22.36
205.43750   22.36
205.31250   17.18
205.31250   17.18
205.06250   17.18
204.31250   22.98
204.31250   22.98
204.31250   22.98
204.00000   12.06
204.00000   12.06
203.50000   25.60
203.50000   25.60
203.50000   25.60
203.06250   25.60
203.06250   12.03
203.06250   12.03
202.87500   28.01
202.87500   28.01
202.81250   28.01
202.81250   28.01
202.81250   16.35
202.37500   16.35
202.37500   16.35
202.37500   22.31
201.56250   22.31
200.93750   22.31
200.93750   16.54
200.62500   16.54
200.62500   16.54
200.62500   17.90
200.06250   17.90
200.06250   17.90
199.56250   19.96
199.56250   19.96
199.56250   19.96
199.81250   19.00
199.81250   19.00
199.00000   19.00
199.00000   20.03
199.00000   20.03
198.43750   20.03
198.43750   21.08
198.43750   21.08
198.12500   21.08
198.12500   22.29
198.12500   22.29
198.06250   22.29
198.06250   22.80
198.06250   22.80
198.06250   22.80
198.06250   23.37
198.06250   23.37
197.56250   23.37
197.56250   23.77
197.56250   23.77
197.62500   23.77
197.62500   23.77
197.62500   23.96
197.50000   23.96
197.50000   23.96
197.50000   23.96
197.18750   24.11
197.18750   24.11
197.18750   24.11
197.18750   24.11
197.18750   24.28
197.18750   24.28
196.62500   24.28
196.62500   24.28
196.62500   24.19
196.12500   24.19
196.12500   24.19
196.12500   24.19
196.50000   23.51
196.50000   23.51
196.50000   23.51
197.06250   23.51
197.06250   22.18
197.06250   22.18
196.81250   22.18
196.81250   20.49
196.93750   20.49
196.93750   20.49
196.93750   19.46
197.31250   19.46
197.31250   19.46
196.93750   19.00
196.93750   19.00
196.93750   19.00
197.18750   18.68
197.18750   18.68
197.43750   18.68
197.43750   18.08
197.43750   18.08
197.43750   18.08
197.18750   17.74
197.18750   17.74
197.18750   17.74
197.00000   18.68
197.00000   18.68
196.68750   18.68
196.68750   20.03
196.68750   20.03
196.68750   20.03
196.68750   21.35
196.68750   21.35
196.18750   21.35
196.18750   22.19
196.18750   22.19
195.56250   22.19
195.56250   22.84
195.56250   22.84
195.25000   22.84
195.25000   24.40
195.25000   24.40
194.81250   24.40
194.81250   24.40
194.81250   25.97
194.68750   25.97
194.68750   25.97
194.68750   25.97
193.87500   21.81
193.87500   21.81
193.87500   21.81
193.43750   27.81
193.43750   27.81
193.43750   27.81
193.43750   27.81
193.18750   13.63
193.18750   13.63
193.18750   25.90
193.31250   25.90
193.31250   25.90
193.31250   25.90
193.43750   13.83
193.43750   13.83
193.43750   22.85
193.37500   22.85
193.37500   22.85
193.06250   16.51
193.06250   16.51
193.62500   16.51
193.62500   20.61
193.62500   20.61
193.62500   20.61
193.06250   14.64
193.06250   14.64
192.81250   19.37
193.18750   19.37
193.18750   19.37
193.18750   11.54
192.87500   11.54
192.87500   18.65
193.12500   18.65
193.12500   18.65
192.75000   17.71
192.75000   17.71
192.87500   17.71
192.87500   17.03
193.12500   17.03
193.12500   17.03
193.43750   15.75
193.43750   15.75
193.31250   15.75
193.31250   14.57
193.50000   14.57
193.50000   13.65
193.68750   13.65
193.68750   14.37
193.31250   14.37
193.31250   15.03
193.06250   15.03
193.06250   15.69
193.62500   15.69
193.62500   15.69
193.62500   15.69
193.62500   15.69
193.18750   15.69
193.18750   16.18
193.43750   16.18
193.43750   16.18
193.43750   16.68
193.43750   16.68
193.87500   16.68
193.87500   16.89
193.75000   16.89
193.75000   16.89
193.87500   17.29
193.87500   17.29
193.87500   17.29
193.87500   17.55
193.87500   17.55
194.18750   17.55
194.18750   17.27
193.81250   17.27
193.81250   17.27
194.00000   17.09
194.00000   17.09
194.37500   17.09
194.37500   16.72
194.06250   16.72
194.06250   16.72
194.43750   15.74
194.43750   15.74
194.50000   15.74
194.50000   14.56
194.68750   14.56
194.68750   14.35
194.87500   14.35
194.87500   13.84
194.87500   13.84
195.68750   13.48
195.68750   13.48
195.18750   13.34
195.18750   13.34
195.18750   13.47
195.43750   13.47
195.43750   13.40
195.56250   13.40
195.56250   13.35
195.81250   13.35
195.81250   13.50
195.75000   13.50
195.93750   13.95
195.93750   13.95
196.18750   14.38
196.18750   14.38
196.12500   14.82
196.12500   14.82
196.31250   14.88
196.31250   14.88
196.43750   15.56
196.43750   15.56
196.31250   15.56
196.31250   15.21
196.56250   15.21
196.75000   13.08
196.75000   13.08
196.50000   13.10
196.50000   13.10
196.68750   14.23
196.68750   14.23
197.25000   14.51
196.93750   14.51
196.93750   13.18
196.87500   13.18
196.68750   11.65
197.06250   11.65
197.50000   9.12
197.50000   8.15
197.37500   8.50
197.75000   9.03
197.81250   9.73
198.06250   9.88
198.06250   9.86
198.00000   10.33
197.75000   10.33
198.00000   8.98
198.06250   7.96
197.87500   8.74
198.18750   9.48
198.18750   10.09
198.31250   9.96
198.31250   10.32
198.43750   10.32
198.93750   10.11
198.93750   9.75
198.87500   9.72
199.12500   9.25
199.12500   8.69
199.06250   8.32
200.06250   9.72
199.68750   8.13
200.00000   8.90
200.00000   10.08
199.81250   10.51
200.00000   10.51
200.00000   10.86
199.93750   10.86
200.31250   11.25
200.31250   11.25
200.43750   11.45
200.25000   11.45
200.25000   11.99
200.25000   11.99
200.31250   12.32
200.31250   12.32
200.31250   12.34
200.37500   12.34
200.37500   12.76
200.12500   12.76
200.12500   13.12
200.75000   13.12
200.50000   13.21
200.50000   13.21
200.43750   6.19
200.50000   12.37
200.50000   12.37
200.62500   12.69
201.00000   12.69
201.00000   13.16
200.87500   13.16
201.00000   9.08
201.00000   13.59
201.25000   13.59
201.12500   13.45
201.12500   13.45
201.62500   12.96
201.50000   12.96
201.25000   8.57
201.25000   13.26
202.12500   13.26
202.12500   12.79
202.18750   12.79
201.81250   12.61
201.81250   12.61
202.25000   12.90
202.25000   12.90
201.68750   13.01
202.37500   13.01
202.37500   13.03
202.25000   13.03
202.25000   12.89
202.25000   12.89
202.62500   12.87
202.62500   12.87
202.75000   13.15
202.75000   13.15
202.87500   13.14
202.75000   13.14
202.75000   13.14
202.93750   13.14
202.93750   13.12
202.93750   13.12
203.31250   13.03
203.31250   13.03
203.06250   12.96
203.62500   12.96
203.62500   12.78
203.75000   12.78
203.75000   12.88
203.75000   12.88
203.43750   13.06
203.43750   13.06
203.62500   12.96
203.62500   12.96
203.62500   12.94
203.81250   12.94
203.81250   13.27
204.37500   13.27
204.37500   13.34
204.43750   13.34
204.50000   12.97
204.50000   12.97
204.62500   12.94
204.62500   12.94
204.62500   12.69
205.12500   12.69
205.12500   12.58
205.62500   12.58
205.62500   12.71
205.12500   12.71
205.81250   12.22
205.81250   12.22
205.56250   12.12
206.00000   12.12
206.00000   12.09
205.75000   12.09
205.87500   12.33
205.87500   12.33
205.93750   12.43
205.93750   12.43
206.37500   12.73
206.50000   12.73
206.50000   12.71
206.25000   12.71
206.68750   12.61
206.68750   12.61
206.68750   12.91
206.68750   12.91
206.93750   12.84
207.06250   12.84
207.06250   12.82
207.18750   12.82
207.18750   12.82
207.12500   12.82
207.50000   12.93
207.50000   12.93
207.12500   12.93
207.12500   12.93
207.25000   13.09
207.06250   13.09
207.06250   13.05
207.50000   13.05
207.81250   12.55
207.81250   12.55
207.75000   11.86
207.75000   11.86
207.81250   12.48
208.37500   12.48
208.37500   13.03
209.06250   13.03
209.06250   13.18
209.18750   13.18
208.68750   12.76
208.68750   12.76
209.43750   12.62
209.43750   12.62
209.43750   12.66
209.87500   12.66
210.00000   13.27
210.00000   2.57
209.68750   2.57
210.18750   13.04
210.56250   13.04
210.12500   5.61
210.12500   8.96
210.25000   9.72
210.56250   10.81
210.56250   10.81
210.56250   11.59
211.25000   11.59
211.25000   12.03
211.62500   12.03
211.31250   11.99
211.31250   11.99
211.43750   12.00
211.56250   12.00
211.56250   12.18
211.93750   12.18
211.93750   12.48
212.37500   12.48
212.25000   12.60
212.25000   12.60
212.50000   12.62
212.62500   12.62
212.62500   12.50
212.81250   12.50
212.81250   12.72
212.87500   12.72
212.93750   13.14
212.93750   13.14
213.06250   13.08
213.06250   13.08
213.87500   13.26
214.00000   13.26
214.00000   13.10
213.75000   13.10
213.75000   12.86
214.31250   12.86
214.43750   13.05
214.43750   13.05
214.37500   13.36
214.37500   13.36
214.56250   13.22
214.93750   13.22
214.93750   12.42
215.43750   12.42
215.43750   12.29
215.43750   12.29
215.56250   12.98
215.56250   12.98
215.87500   13.28
215.87500   13.28
216.12500   13.32
216.43750   13.32
216.43750   13.36
216.50000   13.36
216.50000   13.50
216.31250   13.50
217.43750   13.21
217.43750   13.21
217.12500   12.94
217.12500   12.94
217.50000   12.50
217.31250   12.50
217.31250   12.43
217.37500   12.43
217.43750   12.46
217.43750   12.46
218.06250   12.57
218.06250   12.57
218.00000   12.58
218.37500   12.58
218.37500   12.68
218.37500   12.68
218.37500   12.83
218.37500   12.83
218.37500   12.90
218.37500   12.90
218.50000   12.90
218.62500   12.90
218.62500   12.90
219.31250   12.90
219.31250   12.52
219.12500   12.52
219.31250   12.49
219.31250   12.49
219.56250   12.42
219.87500   12.42
219.87500   12.68
220.18750   12.68
220.18750   12.54
220.62500   12.54
220.75000   12.22
220.75000   12.22
220.25000   12.12
220.31250   12.12
220.31250   12.90
220.31250   12.90
220.31250   13.34
220.75000   13.34
220.75000   13.33
220.43750   13.33
220.81250   13.22
220.81250   13.22
220.87500   13.28
220.87500   13.28
220.87500   13.48
221.25000   13.48
221.25000   13.47
222.00000   13.47
222.00000   13.56
221.25000   13.56
221.25000   13.77
221.68750   13.77
221.37500   13.68
221.37500   13.68
221.56250   13.62
221.56250   13.62
221.62500   13.65
221.62500   13.65
221.68750   13.62
221.93750   13.62
221.93750   13.63
221.62500   13.63
221.62500   13.87
222.18750   13.87
221.81250   13.55
221.81250   13.55
222.18750   13.26
222.18750   13.26
222.25000   13.36
222.25000   13.36
222.06250   13.33
222.37500   13.33
222.37500   13.17
222.37500   13.17
222.37500   13.30
222.37500   13.30
222.62500   13.60
222.62500   13.60
222.87500   13.90
222.87500   13.90
223.06250   14.17
223.06250   14.17
223.00000   14.39
223.00000   14.39
223.00000   14.05
222.93750   14.05
222.93750   13.76
222.93750   13.76
222.93750   13.67
223.37500   13.67
223.37500   13.50
223.31250   13.50
223.18750   13.31
223.18750   13.31
223.37500   13.42
223.37500   13.42
223.56250   13.49
223.56250   13.49
223.37500   13.57
223.56250   13.57
223.56250   13.60
223.56250   13.60
223.56250   13.79
224.06250   13.79
224.06250   13.77
223.81250   13.77
224.68750   13.84
224.68750   13.84
223.87500   13.83
223.87500   13.83
224.25000   13.98
224.25000   13.98
224.56250   13.92
224.81250   13.92
224.81250   13.73
224.37500   13.73
224.37500   13.62
224.31250   13.62
224.31250   13.68
224.62500   13.68
225.18750   14.20
225.18750   14.20
225.06250   14.49
225.06250   14.49
225.25000   15.32
225.25000   15.32
225.25000   16.67
224.87500   16.67
224.87500   16.67
225.25000   18.21
225.25000   18.21
225.18750   18.21
225.18750   18.77
225.18750   18.77
225.31250   18.77
225.31250   17.49
225.31250   17.49
225.31250   17.49
225.62500   15.81
225.62500   15.81
225.93750   15.81
225.56250   14.29
225.56250   14.29
225.50000   14.38
225.50000   14.38
225.68750   14.38
225.68750   14.38
225.81250   14.03
225.81250   14.03
225.68750   13.88
225.93750   13.88
225.93750   13.53
226.06250   13.53
225.93750   11.59
225.93750   11.59
225.81250   10.23
226.06250   10.96
226.00000   10.96
226.00000   11.83
226.06250   11.83
226.06250   13.40
225.75000   13.40
225.75000   14.51
225.31250   14.51
225.31250   14.96
225.62500   14.96
225.62500   15.52
225.62500   15.52
225.62500   15.75
225.31250   15.75
225.31250   15.75
225.43750   16.06
225.43750   16.06
225.06250   16.06
225.06250   15.62
225.31250   15.62
225.31250   15.62
225.06250   15.45
225.06250   15.45
225.18750   16.40
225.18750   16.40
225.06250   16.40
225.06250   17.04
224.93750   17.04
224.93750   17.04
224.93750   17.15
225.12500   17.15
225.12500   17.15
224.81250   17.18
224.81250   17.18
224.81250   17.18
224.81250   17.27
225.12500   17.27
225.12500   17.27
224.93750   17.55
224.93750   17.55
224.93750   17.55
225.18750   17.59
225.18750   17.59
225.06250   17.59
225.06250   17.63
225.56250   17.63
225.56250   17.63
225.56250   17.79
225.31250   17.79
225.31250   17.79
225.18750   17.83
225.18750   17.83
225.18750   17.83
225.18750   17.89
225.43750   17.89
225.43750   17.89
225.43750   18.18
225.31250   18.18
225.31250   18.18
225.43750   18.21
225.43750   18.21
225.81250   18.21
225.81250   18.11
225.81250   18.11
225.56250   18.11
225.56250   17.66
226.06250   17.66
226.06250   17.66
226.18750   17.05
226.18750   17.05
225.93750   17.05
225.93750   16.66
225.81250   16.66
225.81250   16.66
226.06250   16.21
226.06250   16.21
225.81250   16.21
225.81250   15.51
225.68750   15.51
225.68750   14.69
225.68750   14.69
225.68750   14.09
225.62500   14.09
225.62500   14.23
225.43750   14.23
225.43750   14.14
225.43750   14.14
225.50000   13.92
225.50000   13.92
226.12500   13.38
226.12500   13.38
226.31250   13.41
226.18750   13.41
226.18750   13.53
226.25000   13.53
226.25000   13.36
226.37500   13.36
226.18750   13.19
226.18750   13.19
226.43750   13.09
226.43750   13.09
226.75000   12.82
226.31250   12.82
226.31250   13.03
226.50000   13.03
226.50000   12.97
226.87500   12.97
226.43750   12.88
226.43750   12.88
226.81250   13.33
226.81250   13.33
227.00000   13.53
226.68750   13.53
226.68750   13.52
226.87500   13.52
226.87500   12.82
227.00000   12.82
226.81250   11.96
226.81250   11.96
227.31250   12.30
227.43750   12.30
227.43750   12.74
227.50000   12.74
227.50000   12.71
227.12500   12.71
227.31250   12.42
227.31250   12.42
227.56250   12.64
227.43750   12.64
227.43750   12.10
227.62500   12.10
227.75000   10.69
227.75000   10.69
228.00000   11.44
227.87500   11.44
227.87500   12.26
228.25000   12.26
228.00000   12.75
228.00000   12.75
228.12500   12.75
228.12500   12.75
228.00000   12.88
228.37500   12.88
228.37500   12.91
228.25000   12.91
228.25000   12.96
228.50000   12.96
228.25000   12.66
228.25000   12.66
228.56250   12.44
228.56250   12.44
228.56250   12.69
228.75000   12.69
228.75000   13.05
228.93750   13.05
229.25000   12.97
229.25000   12.97
229.31250   13.09
229.31250   13.09
229.56250   12.66
229.25000   12.66
229.25000   12.87
229.75000   12.87
229.75000   12.65
229.81250   12.65
229.93750   12.46
229.93750   12.46
229.93750   12.07
230.00000   12.07
230.00000   12.12
229.81250   12.12
230.43750   12.38
230.43750   12.38
230.75000   12.59
230.75000   12.59
230.75000   12.99
230.43750   12.99
230.43750   13.35
230.81250   13.35
230.81250   13.68
230.56250   13.68
230.56250   13.38
230.37500   13.38
230.87500   13.21
230.87500   13.21
230.87500   13.31
230.87500   13.31
231.06250   13.45
231.06250   13.45
231.06250   13.47
231.31250   13.47
231.31250   13.73
231.18750   13.73
231.18750   13.74
231.31250   13.74
231.56250   14.04
231.56250   14.04
231.31250   13.82
231.31250   13.82
232.00000   13.65
232.00000   13.65
231.87500   13.92
231.87500   13.92
231.68750   14.18
231.56250   14.18
231.56250   14.23
232.12500   14.23
232.12500   14.26
232.31250   14.26
232.31250   14.18
232.18750   14.18
232.18750   14.11
232.62500   14.11
232.62500   13.94
232.62500   13.94
232.00000   13.82
232.00000   13.82
232.43750   12.67
232.43750   12.67
232.43750   11.69
232.31250   11.69
232.62500   11.88
232.62500   11.88
232.87500   11.86
232.87500   11.86
232.87500   12.21
232.50000   12.21
232.50000   12.48
232.75000   12.48
232.75000   12.56
232.75000   12.56
232.75000   12.40
233.06250   12.40
233.06250   12.28
232.93750   12.28
232.93750   12.82
233.00000   12.82
232.62500   12.95
232.62500   12.95
233.50000   13.02
233.50000   13.02
232.93750   13.18
233.43750   13.18
233.43750   13.52
233.25000   13.52
233.25000   13.60
233.68750   13.60
233.43750   13.55
233.43750   13.55
233.62500   13.41
233.62500   13.41
233.87500   13.83
233.87500   13.83
233.62500   14.09
233.62500   14.09
233.93750   14.29
234.50000   14.29
234.50000   14.31
234.31250   14.31
234.31250   14.05
234.00000   14.05
234.00000   13.79
234.06250   13.79
234.06250   13.98
234.18750   13.98
234.62500   14.00
234.62500   14.00
234.43750   14.22
234.43750   14.22
234.87500   14.03
234.87500   14.03
235.00000   13.90
235.06250   13.90
235.06250   13.54
235.00000   13.54
235.00000   13.19
235.12500   13.19
235.50000   12.65
235.50000   12.65
235.56250   11.69
235.81250   11.69
235.81250   11.19
235.81250   11.19
236.12500   10.41
235.75000   10.41
236.50000   9.72
236.50000   10.04
236.12500   10.23
236.56250   10.18
236.56250   10.32
236.56250   10.32
236.81250   10.72
236.56250   10.72
236.56250   11.02
237.25000   11.02
237.00000   11.04
237.43750   11.04
237.43750   11.11
237.25000   11.11
237.31250   11.33
237.31250   11.33
237.18750   11.23
237.50000   11.23
237.62500   10.89
237.62500   10.89
237.68750   10.72
237.87500   10.72
237.87500   10.89
237.62500   10.89
237.81250   10.98
238.31250   10.98
238.31250   10.46
237.87500   10.46
238.12500   10.09
238.43750   10.26
238.43750   10.05
238.31250   10.70
238.62500   10.70
238.87500   9.32
239.12500   9.80
239.12500   10.19
239.50000   10.30
238.93750   10.30
239.43750   10.17
239.56250   10.36
239.56250   10.36
239.75000   10.19
239.75000   10.82
239.75000   10.82
239.81250   11.11
239.93750   11.11
240.25000   10.52
240.25000   10.52
240.25000   10.15
240.56250   10.05
240.43750   10.47
240.43750   10.47
240.68750   10.80
240.68750   10.80
241.25000   10.82
241.25000   10.82
241.18750   10.63
241.37500   10.63
241.37500   10.49
241.37500   10.49
241.37500   10.61
241.87500   10.61
241.87500   11.12
241.75000   11.12
242.18750   10.19
242.18750   10.50
242.06250   10.50
242.06250   9.78
242.31250   9.61
242.18750   9.01
242.06250   7.48
242.12500   7.89
242.06250   8.35
242.37500   7.97
242.50000   7.55
242.62500   8.51
242.75000   9.72
242.87500   9.82
242.87500   10.33
242.93750   10.33
242.93750   12.53
242.93750   12.53
242.93750   13.78
242.87500   13.78
242.87500   15.95
242.75000   15.95
242.75000   15.95
243.06250   15.59
243.06250   15.59
243.06250   15.59
243.12500   13.66
243.12500   13.66
243.25000   12.18
242.93750   12.18
242.93750   11.84
243.68750   11.84
243.81250   11.92
243.81250   11.92
243.50000   11.75
243.68750   11.75
243.68750   11.98
243.87500   11.98
243.68750   11.02
243.87500   11.02
243.87500   10.81
243.81250   10.81
244.12500   10.81
244.12500   10.81
244.25000   10.87
244.37500   10.87
244.18750   10.94
244.18750   10.94
244.31250   11.27
244.43750   11.27
244.43750   11.32
244.43750   11.32
244.68750   11.43
244.68750   11.43
244.31250   11.33
245.25000   11.33
244.87500   10.90
244.87500   10.90
245.12500   10.92
245.06250   10.92
245.31250   10.77
245.31250   10.77
245.56250   10.23
245.43750   11.10
245.43750   11.10
245.87500   10.90
246.06250   10.90
246.06250   11.16
245.87500   11.16
246.25000   11.63
246.31250   11.63
246.31250   11.56
246.43750   11.56
246.62500   11.23
246.62500   11.23
246.43750   10.54
246.87500   10.54
246.68750   8.46
247.18750   7.92
247.18750   7.67
247.25000   7.59
247.18750   7.80
247.25000   8.05
247.00000   8.66
247.25000   9.66
247.50000   9.67
247.50000   9.78
247.62500   10.05
247.87500   10.10
247.62500   9.25
247.81250   7.94
248.00000   7.59
247.87500   7.07
248.00000   8.43
248.18750   9.63
248.37500   9.70
247.87500   8.39
248.06250   6.90
247.87500   7.67
248.00000   8.10
248.18750   8.46
248.18750   9.06
248.00000   9.91
248.50000   10.43
248.50000   10.43
248.12500   10.97
248.12500   10.97
248.12500   9.81
248.25000   9.01
248.00000   9.36
248.56250   8.50
248.56250   8.53
248.68750   9.47
248.81250   10.37
249.18750   10.37
248.81250   10.23
248.81250   10.15
248.50000   11.21
248.50000   11.21
248.81250   12.18
249.00000   12.18
249.06250   9.13
249.06250   4.98
248.81250   14.29
249.12500   14.29
249.12500   13.14
249.06250   13.14
249.06250   12.45
248.87500   12.45
249.25000   12.82
249.25000   12.82
249.25000   13.18
249.25000   13.18
249.62500   13.79
249.62500   13.79
249.62500   14.05
249.68750   14.05
249.68750   14.20
249.50000   14.20
249.50000   14.41
249.75000   14.41
249.75000   14.72
249.37500   14.72
249.37500   13.65
249.43750   13.65
249.56250   12.59
249.56250   12.59
249.43750   12.58
249.43750   12.58
249.75000   14.12
249.75000   14.12
249.68750   15.20
249.68750   15.20
249.81250   15.78
249.81250   15.78
249.75000   15.78
249.75000   16.08
249.68750   16.08
249.68750   16.08
249.68750   15.57
249.68750   15.57
249.68750   15.57
249.68750   15.54
249.25000   15.54
249.25000   15.70
249.75000   15.70
249.75000   15.70
249.31250   16.25
249.31250   16.25
249.18750   16.25
249.18750   17.46
249.37500   17.46
249.37500   17.46
249.25000   17.36
249.25000   17.36
249.25000   17.36
249.12500   16.88
249.12500   16.88
248.87500   16.88
248.87500   16.57
248.75000   16.57
248.75000   16.57
248.68750   16.46
248.68750   16.46
248.93750   16.46
248.93750   17.30
248.56250   17.30
248.56250   17.30
248.56250   17.96
248.43750   17.96
248.43750   17.96
248.50000   17.78
248.50000   17.78
248.68750   17.78
248.68750   18.11
248.68750   18.11
248.31250   18.11
248.31250   18.24
248.12500   18.24
248.12500   18.24
248.37500   18.86
248.37500   18.86
248.37500   18.86
248.00000   18.85
248.00000   18.85
248.25000   18.85
248.25000   18.89
248.25000   18.89
248.68750   18.89
248.68750   17.92
248.43750   17.92
248.43750   17.92
248.56250   16.36
248.56250   16.36
248.31250   16.36
248.31250   16.48
248.43750   16.48
248.43750   16.48
248.25000   16.89
248.25000   16.89
248.25000   16.89
248.25000   17.03
248.25000   17.03
248.12500   17.03
248.12500   17.09
248.12500   17.09
248.12500   17.09
248.37500   17.34
248.37500   17.34
248.18750   17.34
248.18750   16.68
247.81250   16.68
247.81250   16.68
248.18750   15.94
248.18750   15.94
248.00000   15.94
248.00000   14.09
248.31250   14.09
247.87500   12.03
247.87500   12.03
247.87500   10.70
248.12500   10.70
248.31250   10.81
248.31250   10.81
247.81250   10.81
248.18750   10.81
248.12500   10.34
248.12500   10.34
248.12500   11.85
248.12500   11.85
248.12500   12.57
248.12500   12.57
248.12500   12.10
248.50000   12.10
248.25000   13.08
248.25000   13.08
248.37500   13.55
248.37500   13.55
248.37500   14.34
248.37500   14.34
248.56250   15.23
248.56250   15.23
248.25000   15.63
248.25000   15.63
248.50000   15.63
248.50000   15.34
248.12500   15.34
248.12500   15.05
248.12500   15.05
248.12500   14.93
248.00000   14.93
247.87500   14.72
247.87500   14.72
248.12500   14.29
248.12500   14.29
247.87500   13.69
247.87500   13.69
247.87500   12.89
247.75000   12.89
247.75000   13.89
247.81250   13.89
247.81250   15.17
247.87500   15.17
247.87500   14.33
247.93750   14.33
247.81250   13.17
247.81250   13.17
247.93750   12.40
247.93750   12.40
247.68750   12.11
247.93750   12.11
247.87500   11.75
247.87500   11.75
247.68750   10.49
247.56250   10.49
247.75000   9.03
248.00000   7.92
247.56250   7.24
247.62500   8.29
247.75000   8.30
247.75000   8.83
247.18750   7.94
247.25000   7.15
247.87500   5.61
247.50000   6.91
247.50000   8.89
247.50000   10.32
247.50000   10.32
247.62500   11.57
247.62500   11.57
247.62500   12.62
247.50000   12.62
247.43750   12.95
247.43750   12.95
247.50000   12.71
247.50000   12.71
247.81250   12.91
247.31250   12.91
247.31250   11.86
247.50000   11.86
247.87500   11.20
247.87500   11.20
247.37500   12.57
247.37500   12.57
247.68750   13.88
247.68750   13.88
247.68750   13.78
247.75000   13.78
247.75000   13.85
247.50000   13.85
247.50000   13.36
247.56250   13.36
247.56250   12.76
247.56250   12.76
247.56250   12.33
247.62500   12.33
247.62500   12.03
247.68750   12.03
247.50000   12.22
247.50000   12.22
247.43750   11.84
247.25000   11.84
247.25000   11.19
247.25000   11.19
247.06250   12.02
247.06250   12.02
247.00000   12.73
247.00000   12.73
246.75000   12.72
247.00000   12.72
247.00000   13.12
246.87500   13.12
246.87500   13.95
246.56250   13.95
246.56250   14.74
246.68750   14.74
246.68750   15.17
246.81250   15.17
246.81250   15.58
246.50000   15.58
246.50000   15.58
246.43750   15.74
246.43750   15.74
246.06250   15.74
246.06250   16.03
246.00000   16.03
246.00000   16.03
246.12500   16.40
246.12500   16.40
245.87500   16.40
245.87500   16.25
245.50000   16.25
245.50000   16.25
246.00000   16.15
246.00000   16.15
245.56250   16.15
245.56250   16.53
245.31250   16.53
245.31250   16.53
245.31250   16.34
245.12500   16.34
245.12500   16.34
245.00000   15.85
245.00000   15.85
244.68750   15.85
244.68750   15.80
244.81250   15.80
244.81250   15.80
244.06250   16.26
244.06250   16.26
244.56250   16.26
244.56250   16.41
243.68750   16.41
243.68750   16.41
243.56250   16.85
243.56250   16.85
243.37500   16.85
243.37500   16.73
243.31250   16.73
243.31250   16.73
243.43750   16.08
243.43750   16.08
243.25000   16.08
243.25000   14.27
243.06250   14.27
243.06250   14.07
242.93750   14.07
242.75000   14.38
242.75000   14.38
242.87500   14.39
242.87500   14.39
242.81250   14.39
242.81250   14.39
242.75000   14.49
242.75000   14.49
242.43750   15.08
242.43750   15.08
242.43750   15.32
242.43750   15.32
242.31250   15.23
242.31250   15.23
242.18750   15.02
242.18750   15.02
242.18750   14.90
242.18750   14.90
241.81250   14.21
241.68750   14.21
241.68750   14.18
241.50000   14.18
241.50000   14.18
241.62500   14.18
241.62500   14.16
241.25000   14.16
241.43750   13.42
241.43750   13.42
241.12500   11.24
240.81250   11.24
240.81250   11.66
241.31250   11.66
241.31250   13.50
240.50000   13.50
240.81250   14.50
240.81250   14.50
240.75000   14.22
240.75000   14.22
240.62500   14.03
240.62500   14.03
240.50000   14.53
239.56250   0.00
239.56250   2.08
239.18750   2.08
239.18750   10.18
238.62500   12.37
238.62500   12.37
238.12500   14.50
238.12500   14.50
237.62500   16.52
237.62500   16.52
237.12500   16.52
237.12500   17.67
237.12500   17.67
236.87500   17.67
236.87500   18.68
237.25000   18.68
237.25000   18.68
237.25000   19.17
236.68750   19.17
236.68750   19.17
236.43750   19.66
236.43750   19.66
236.43750   19.66
236.43750   20.19
236.43750   20.19
236.37500   20.19
236.37500   18.43
235.75000   18.43
235.75000   18.43
235.75000   17.90
236.12500   17.90
236.12500   17.90
235.93750   18.04
235.93750   18.04
236.00000   18.04
236.00000   18.44
236.00000   18.44
235.75000   18.44
235.75000   18.77
235.06250   18.77
235.06250   18.77
235.06250   19.17
235.37500   19.17
235.37500   19.17
235.12500   19.51
235.12500   19.51
235.12500   19.51
235.25000   19.49
235.25000   19.49
235.00000   19.49
235.00000   19.23
235.00000   19.23
235.00000   19.23
235.00000   18.95
235.25000   18.95
235.25000   18.95
235.31250   18.83
235.31250   18.83
235.31250   18.83
234.93750   18.75
234.93750   18.75
235.06250   18.75
235.06250   18.23
234.62500   18.23
234.62500   18.23
234.62500   17.67
234.37500   17.67
234.25000   17.67
234.25000   15.20
234.62500   15.20
233.93750   11.54
233.93750   11.54
234.12500   10.08
233.75000   9.86
233.75000   9.57
234.06250   9.07
234.00000   8.94
234.00000   8.89
233.81250   10.26
233.75000   11.88
233.75000   11.88
233.93750   12.55
234.00000   12.55
233.93750   11.31
233.93750   11.31
234.06250   9.67
234.12500   8.43
233.93750   9.44
233.93750   10.57
233.93750   10.57
234.00000   10.61
234.37500   10.61
234.12500   10.52
234.12500   10.52
234.18750   10.29
234.37500   9.50
234.06250   9.92
234.06250   10.22
234.12500   10.79
234.06250   10.79
234.25000   10.89
234.25000   10.89
234.18750   10.02
233.75000   9.05
233.93750   9.60
234.06250   10.60
234.06250   10.60
234.00000   10.80
234.12500   10.80
234.62500   10.36
234.62500   10.36
234.25000   10.80
234.18750   10.80
234.18750   11.39
234.56250   11.39
234.37500   0.00
234.62500   1.11
234.62500   4.99
235.06250   7.14
235.06250   6.16
234.87500   6.58
235.12500   8.41
234.93750   9.83
234.93750   10.30
235.50000   10.30
235.31250   10.96
235.31250   10.96
235.25000   11.06
234.81250   11.06
235.56250   11.27
235.56250   11.27
235.25000   11.11
235.25000   11.11
235.25000   11.63
235.50000   11.63
235.50000   11.76
235.50000   11.76
235.37500   11.59
235.75000   11.59
235.75000   11.48
235.75000   11.48
236.18750   10.37
236.12500   10.37
236.25000   9.01
236.56250   7.47
236.43750   8.56
236.43750   10.33
236.68750   10.33
236.68750   12.10
236.50000   12.10
236.62500   13.78
236.62500   13.78
236.56250   13.28
236.56250   13.28
236.68750   12.62
237.25000   12.62
237.25000   12.15
237.25000   12.15
237.43750   11.42
237.37500   11.42
237.37500   10.34
237.37500   10.34
237.56250   10.05
237.56250   10.39
237.56250   10.39
237.93750   10.42
238.31250   10.42
238.62500   9.85
238.62500   8.76
239.06250   9.18
239.37500   8.90
239.37500   8.61
239.68750   9.09
239.43750   8.77
239.75000   6.79
240.18750   7.16
240.18750   8.01
240.56250   8.67
240.62500   9.24
240.68750   8.78
241.06250   8.75
240.81250   8.34
241.06250   8.01
241.62500   7.34
242.06250   6.65
242.06250   6.02
242.12500   2.96
242.12500   5.02
242.37500   3.59
242.18750   5.86
242.37500   7.52
242.56250   7.60
242.50000   8.01
242.68750   8.38
242.68750   7.79
242.43750   8.01
243.00000   8.04
242.87500   9.02
242.62500   9.27
242.81250   9.57
242.81250   9.66
242.93750   9.42
242.81250   8.91
243.18750   9.44
243.37500   10.00
243.37500   10.01
243.75000   9.92
243.87500   9.80
243.68750   9.85
244.25000   10.10
244.25000   10.36
244.06250   10.36
244.18750   9.97
244.56250   9.87
244.68750   10.10
244.68750   9.59
244.37500   9.64
244.56250   9.63
244.81250   9.80
244.81250   10.73
245.00000   10.73
244.81250   10.93
244.81250   10.93
245.18750   11.36
245.56250   11.36
245.56250   11.62
245.37500   11.62
245.62500   11.68
245.87500   11.68
245.87500   11.48
246.00000   11.48
246.43750   11.48
246.43750   11.48
246.18750   12.54
246.18750   12.54
246.50000   12.76
246.62500   12.76
246.62500   12.34
246.68750   12.34
246.68750   11.81
246.68750   11.81
247.12500   11.19
246.87500   11.19
246.87500   11.06
247.06250   11.06
247.25000   11.64
247.25000   11.64
247.37500   11.72
247.62500   11.72
247.62500   11.65
247.68750   11.65
247.31250   12.05
247.31250   12.05
247.50000   12.19
247.50000   12.19
247.50000   12.36
247.81250   12.36
248.18750   11.93
248.18750   11.93
247.81250   11.38
248.00000   11.38
248.00000   11.33
248.25000   11.33
248.43750   11.05
248.43750   11.05
248.50000   12.16
248.81250   12.16
248.81250   12.35
248.81250   12.35
248.68750   10.85
248.81250   10.85
248.81250   10.83
248.37500   10.83
248.37500   13.22
248.31250   13.22
248.31250   14.47
247.93750   14.47
247.93750   15.77
248.06250   15.77
248.06250   15.77
247.75000   16.73
247.75000   16.73
247.81250   16.73
247.81250   14.30
247.31250   14.30
247.37500   12.73
247.18750   12.73
247.00000   9.35
246.93750   7.84
246.68750   7.88
246.68750   8.38
246.81250   9.96
247.00000   11.48
247.00000   11.48
246.87500   12.76
246.68750   12.76
246.68750   13.79
246.93750   13.79
246.93750   15.38
246.87500   15.38
246.87500   16.38
246.87500   16.38
246.68750   16.38
246.68750   17.04
246.25000   17.04
246.25000   17.04
246.00000   17.43
246.00000   17.43
245.87500   17.43
245.87500   17.96
245.87500   17.96
245.43750   17.96
245.43750   17.61
245.25000   17.61
245.25000   17.61
244.93750   16.74
244.93750   16.74
244.43750   16.74
244.43750   15.78
244.56250   15.78
244.56250   15.78
244.37500   16.32
244.37500   16.32
244.31250   16.32
244.31250   16.98
244.31250   16.98
244.37500   16.98
244.37500   17.73
244.68750   17.73
244.68750   17.73
244.18750   18.35
244.18750   18.35
244.18750   18.35
243.68750   18.86
243.68750   18.86
243.62500   18.86
243.62500   19.35
243.62500   19.35
243.31250   19.35
243.31250   19.76
243.18750   19.76
243.18750   19.76
243.18750   19.86
243.37500   19.86
243.37500   19.86
243.06250   19.94
243.06250   19.94
243.06250   19.94
242.87500   19.86
242.87500   19.86
242.87500   19.86
242.87500   19.84
242.87500   19.84
243.06250   19.84
243.06250   19.82
242.68750   19.82
242.68750   19.82
242.68750   19.69
242.31250   19.69
242.31250   19.69
242.18750   19.77
242.18750   19.77
242.18750   19.77
242.31250   20.03
242.31250   20.03
242.31250   20.03
241.75000   20.49
241.75000   20.49
241.93750   20.49
241.93750   20.80
241.93750   20.80
241.50000   20.80
241.50000   20.74
241.50000   20.74
241.50000   20.74
241.50000   20.65
241.31250   20.65
241.31250   20.65
241.31250   20.85
241.18750   20.85
241.18750   20.85
241.50000   20.60
241.50000   20.60
241.50000   20.60
241.06250   19.30
241.06250   19.30
240.75000   19.30
240.75000   18.49
240.75000   18.49
240.68750   18.49
240.68750   18.15
240.87500   18.15
240.87500   18.15
240.75000   17.29
240.75000   17.29
240.68750   17.29
240.68750   16.83
240.50000   16.83
240.50000   16.83
240.18750   16.03
240.18750   16.03
240.37500   16.03
240.37500   15.64
240.25000   15.64
240.25000   15.64
240.18750   16.04
240.18750   16.04
240.18750   16.04
240.18750   15.24
240.25000   15.24
240.25000   14.03
240.06250   14.03
240.12500   13.34
240.12500   13.34
240.06250   11.08
240.00000   11.08
240.12500   9.21
239.87500   8.53
239.87500   9.67
240.00000   11.26
240.25000   11.26
240.25000   11.92
240.00000   11.92
239.93750   12.86
239.93750   12.86
239.93750   13.55
239.93750   13.55
239.81250   13.76
239.81250   13.76
240.37500   13.15
239.93750   13.15
240.18750   11.55
240.18750   11.55
240.25000   11.48
240.25000   11.48
240.06250   11.95
239.93750   11.95
239.93750   12.48
240.06250   12.48
239.68750   13.05
239.68750   13.05
239.62500   13.09
239.62500   13.09
239.31250   14.05
239.31250   14.05
239.25000   15.50
239.25000   15.50
238.87500   16.96
238.87500   16.96
238.87500   16.96
238.56250   18.88
238.56250   18.88
238.06250   18.88
238.06250   19.93
238.06250   19.93
237.56250   19.93
237.56250   19.54
237.68750   19.54
237.68750   19.54
237.68750   20.08
237.00000   20.08
237.00000   20.08
236.87500   19.99
236.87500   19.99
236.87500   19.99
236.06250   19.91
236.06250   19.91
236.00000   19.91
236.00000   19.53
236.00000   19.53
235.62500   19.53
235.62500   20.15
235.62500   20.15
235.25000   20.15
235.25000   20.45
235.06250   20.45
235.06250   20.45
235.06250   20.52
234.93750   20.52
234.93750   20.52
234.31250   20.33
234.31250   20.33
234.31250   20.33
234.62500   18.40
234.62500   18.40
234.18750   18.40
234.18750   15.83
234.43750   15.83
234.43750   15.83
233.93750   14.81
234.06250   14.81
234.06250   12.62
234.12500   12.62
234.25000   11.70
234.25000   11.70
233.93750   11.50
233.75000   11.50
234.06250   10.91
234.06250   10.91
234.31250   11.67
234.31250   11.67
233.87500   12.44
234.12500   12.44
234.12500   12.19
233.50000   12.19
234.12500   11.65
234.12500   11.65
233.81250   11.10
234.12500   11.10
234.12500   11.79
233.75000   11.79
233.93750   12.24
233.93750   12.24
234.00000   12.14
234.18750   12.14
234.18750   11.80
234.68750   11.80
234.50000   11.33
234.50000   11.33
234.50000   10.89
